ID,わざ名,優先度,ルール0,ルール1,ルール2,ルール3,ルール4,ルール5,ルール6,ルール7,ルール8,ルール9,ルール10
366,おいかぜ,4,"152,176,177,178,179,180,181,184,223,224,225,235,251,266,321,322,327,376,377,400,416,442,443,444,473,474,478,504,505,696,697,698,705,707,711,739,740,741,744,803,804,815,816,817,834,835,836,837,924,925,926,977,1012,1019,1020,1048,1060,1061,1082,1094,1105,1117,1130,1143","152,184,223,224,225,235,251,266,321,322,327,376,377,400,416,442,443,444,473,474,478,504,505,696,697,705,707,739,740,741,744,803,804,834,835,836,837,924,925,926,977,1048,1060,1061,1082,1094,1105,1117,1130","152,184,223,224,225,235,251,266,321,322,327,376,377,400,416,442,443,444,473,474,478,504,505,696,697,705,707,739,740,741,744,803,804,834,835,836,837,924,925,926,977,1048,1060,1061,1082,1094,1105,1117,1130","152,184,223,224,225,235,251,266,321,322,327,376,377,400,416,442,443,444,473,474,478,504,505,696,697,705,707,739,740,741,744,803,804,834,835,836,837,924,925,926,977,1048,1060,1061,1082,1094,1105,1130",,"105,106,268,286,290,291,372,373,423,424,605,715,716,824,825,826,863,892","199,200,229,245,318,327,356,357,442,443,444,517,520,648,649,699,700,803,804,834,835,836,837,838,839,948,1082,1105,1143","152,176,177,178,179,180,181,184,199,200,223,224,225,229,235,245,251,266,318,321,322,327,356,357,376,377,400,416,442,443,444,473,474,478,504,505,517,520,648,649,696,697,698,699,700,705,707,711,739,740,741,744,803,804,815,816,817,834,835,836,837,838,839,924,925,926,948,977,1012,1019,1020,1048,1060,1061,1082,1094,1105,1117,1130,1143","473,474,816,837","152,176,177,178,179,180,181,184,199,200,223,224,225,229,235,245,251,266,318,321,322,327,356,357,376,377,400,416,442,443,444,473,474,478,504,505,517,520,648,649,696,697,698,699,700,705,707,711,739,740,741,744,803,804,815,816,817,834,835,836,837,838,839,924,925,926,948,977,1012,1019,1020,1048,1060,1061,1082,1094,1105,1117,1130,1143","105,106,152,251,268,372,373,376,377,504,505,605,696,697,699,700,739,740,741,815,816,824,825,826,834,835,836,837,863,1012"
433,トリックルーム,3,"97,98,99,100,115,116,117,119,120,177,233,236,237,238,241,275,323,324,325,350,351,368,369,396,397,473,474,477,484,485,490,523,533,534,535,544,642,643,644,730,731,732,783,789,864,878,879,958,959,960,961,962,981,982,1011,1023,1056,1068,1069,1074,1075,1076,1104,1109,1111,1131,1139,1140","97,99,115,116,117,119,120,233,236,238,241,275,323,324,325,350,351,368,369,396,397,473,474,477,484,485,490,523,642,643,644,789,864,878,879,958,959,960,961,962,981,982,1023,1056,1068,1069,1074,1075,1076,1104,1109,1111,1131","97,99,115,116,117,119,120,233,236,238,241,275,323,324,325,350,351,368,369,396,397,473,474,477,484,485,490,523,642,643,644,789,864,878,879,958,959,960,961,962,981,982,1023,1056,1068,1069,1074,1075,1076,1104,1109,1111,1131","97,99,115,116,117,119,120,233,236,238,241,275,323,324,325,350,351,368,369,396,397,473,474,477,484,485,490,523,642,643,644,789,864,878,879,958,959,960,961,962,981,982,1023,1056,1068,1069,1074,1075,1076,1104,1131",,"128,129,169,274,429,522,605,645,646,647,755,756,757,766,767,863,891,892,900","115,116,117,275,323,324,325,368,369,398,399,401,481,484,485,523,525,675,676,677,783,790,791,878,960,961,962,981,982,1011,1068,1069,1139,1140","97,98,99,100,115,116,117,119,120,177,233,236,237,238,241,275,323,324,325,350,351,368,369,396,397,398,399,401,473,474,477,481,484,485,490,523,525,533,534,535,544,642,643,644,675,676,677,730,731,732,783,789,790,791,864,878,879,958,959,960,961,962,981,982,1011,1023,1056,1068,1069,1074,1075,1076,1104,1109,1111,1131,1139,1140","115,116,117,238,473,474,490,525,675,676,677,790,791,878,958,959,1111,1139,1140","97,98,99,100,115,116,117,119,120,177,233,236,237,238,241,275,323,324,325,350,351,368,369,396,397,398,399,401,473,474,477,481,484,485,490,523,525,533,534,535,544,642,643,644,675,676,677,730,731,732,783,789,790,791,864,878,879,958,959,960,961,962,981,982,1011,1023,1056,1068,1069,1074,1075,1076,1104,1109,1111,1131,1139,1140","98,100,128,129,169,236,241,274,522,605,642,643,644,645,646,647,730,731,732,755,756,757,766,767,863,879,958,959,1074,1104"
266,このゆびとまれ,2,"465,982,1041,1144","465,982,1041","465,982,1041","465,982,1041",,"280,281","39,40,197,198,465,982,1041,1144","39,40,197,198,465,982,1041,1144",,"39,40,197,198,465,982,1041,1144","280,281"
476,いかりのこな,2,"54,223,658,659,707,742,1068,1071,1110,1139,1140","54,223,658,659,707,742,1068,1071,1110","54,223,658,659,707,742,1068,1071,1110","54,223,658,659,707,742,1068,1071",,,"203,1068,1139,1140","54,203,223,658,659,707,742,1068,1071,1110,1139,1140","1139,1140","54,203,223,658,659,707,742,1068,1071,1110,1139,1140",54
73,やどりぎのタネ,1,"124,223,224,225,227,228,328,329,374,375,400,507,518,606,607,608,653,654,727,728,729,750,751,913,944,945,1021,1045,1046,1047,1066,1068,1071,1126,1144","223,224,225,227,228,328,329,374,375,400,507,518,606,607,653,654,750,751,944,945,1021,1045,1046,1047,1066,1068,1071,1126","223,224,225,227,228,328,329,374,375,400,507,518,606,607,653,654,750,751,944,945,1021,1045,1046,1047,1066,1068,1071","223,224,225,227,228,328,329,374,375,400,507,518,606,607,653,654,750,751,944,945,1021,1045,1046,1047,1066,1068,1071",124,"0,1,2,49,127,128,129,187,188,189,293,552,553,554,604,605,863","313,314,316,606,607,790,791,944,945,1068,1144","124,223,224,225,227,228,313,314,316,328,329,374,375,400,433,434,435,507,518,606,607,608,653,654,727,728,729,750,751,790,791,913,944,945,1021,1045,1046,1047,1066,1068,1071,1126,1144","790,791,1066","124,223,224,225,227,228,313,314,316,328,329,374,375,400,433,434,435,507,518,606,607,608,653,654,727,728,729,750,751,790,791,913,944,945,1021,1045,1046,1047,1066,1068,1071,1126,1144","0,1,2,49,127,128,129,187,188,189,293,433,434,435,507,552,553,554,604,605,653,654,727,728,729,863,913"
78,しびれごな,1,"54,55,124,126,223,224,225,327,328,329,606,607,608,658,659,742,744,977,1068,1069,1110,1112,1126,1139,1140","54,55,223,224,225,327,328,329,606,607,658,659,742,744,977,1068,1069,1110,1112,1126","54,55,223,224,225,327,328,329,606,607,658,659,742,744,977,1068,1069,1110,1112","54,55,223,224,225,327,328,329,606,607,658,659,742,744,977,1068,1069","124,126","49,50,51,127,218,604,605","82,83,327,606,607,838,839,1068,1069,1139,1140","54,55,82,83,124,126,223,224,225,327,328,329,606,607,608,658,659,742,744,838,839,977,1068,1069,1110,1112,1126,1139,1140","1139,1140","54,55,82,83,124,126,223,224,225,327,328,329,606,607,608,658,659,742,744,838,839,977,1068,1069,1110,1112,1126,1139,1140","49,50,51,54,55,127,218,604,605"
79,ねむりごな,1,"54,55,223,224,225,606,607,608,744","54,55,223,224,225,606,607,744","54,55,223,224,225,606,607,744","54,55,223,224,225,606,607,744",,"0,1,2,49,50,51,127,218","82,83,84,606,607","54,55,82,83,84,223,224,225,606,607,608,744",,"54,55,82,83,84,223,224,225,606,607,608,744","0,1,2,49,50,51,54,55,127,218"
86,でんじは,1,"26,27,28,45,46,60,61,63,64,97,98,99,100,101,102,117,119,120,123,124,125,126,141,162,167,178,182,183,184,208,210,215,216,217,233,234,235,236,237,238,241,243,249,275,283,289,323,324,325,331,332,345,359,360,368,369,378,396,397,449,450,451,465,473,474,477,478,488,510,523,526,527,533,534,535,544,642,643,644,653,654,670,671,672,693,694,703,704,705,713,782,789,856,857,878,952,953,960,961,962,963,964,965,975,991,992,993,1004,1011,1037,1038,1039,1040,1041,1058,1059,1060,1061,1077,1078,1079,1104,1107,1109,1111,1113,1119,1125,1131","26,27,45,46,60,63,97,99,101,102,117,119,120,123,125,141,162,167,182,183,184,208,210,215,216,217,233,234,235,236,238,241,243,249,275,283,289,323,324,325,331,332,345,359,360,368,369,378,396,397,449,450,451,465,473,474,477,478,488,510,523,526,527,642,643,644,653,654,670,671,672,693,694,703,704,705,782,789,856,857,878,952,953,960,961,962,963,964,965,975,991,992,993,1037,1038,1039,1040,1041,1058,1059,1060,1061,1077,1078,1079,1104,1107,1109,1111,1113,1119,1125,1131","26,27,45,46,60,63,97,99,101,102,117,119,120,123,125,141,162,167,182,183,184,208,210,215,216,217,233,234,235,236,238,241,243,249,275,283,289,323,324,325,331,332,345,359,360,368,369,378,396,397,449,450,451,465,473,474,477,478,488,510,523,526,527,642,643,644,653,654,670,671,672,693,694,703,704,705,782,789,856,857,878,952,953,960,961,962,963,964,965,975,991,992,993,1037,1038,1039,1040,1041,1058,1059,1060,1061,1077,1078,1079,1104,1107,1109,1111,1113,1119,1125,1131","26,27,45,46,60,63,97,99,101,102,117,119,120,123,125,141,162,167,182,183,184,208,210,215,216,217,233,234,235,236,238,241,243,249,275,283,289,323,324,325,331,332,345,359,360,368,369,378,396,397,449,450,451,465,473,474,477,478,488,510,523,526,527,642,643,644,653,654,670,671,672,693,694,703,704,705,782,789,856,857,878,952,953,960,961,962,963,964,965,975,991,992,993,1037,1038,1039,1040,1041,1058,1059,1060,1061,1077,1078,1079,1104,1107,1125,1131","124,126,249","154,169,206,207,247,248,274,280,284,354,355,423,424,429,514,522,580,581,640,641,645,646,647,663,664,708,716,755,756,757,990,1148,1151","26,27,39,40,117,162,208,226,275,323,324,325,342,356,357,368,369,401,449,450,451,465,472,481,523,524,526,670,671,672,693,694,829,830,831,856,857,878,960,961,962,963,964,965,983,1011,1040,1041,1107","26,27,28,39,40,45,46,60,61,63,64,88,90,92,97,98,99,100,101,102,117,119,120,123,124,125,126,141,162,167,178,182,183,184,208,210,215,216,217,233,234,235,236,237,238,241,243,249,275,283,289,323,324,325,331,332,342,345,356,357,359,360,368,369,378,396,397,401,449,450,451,465,472,473,474,477,478,481,488,510,523,524,526,527,533,534,535,544,642,643,644,653,654,670,671,672,693,694,703,704,705,713,782,789,829,830,831,856,857,878,952,953,960,961,962,963,964,965,975,983,991,992,993,1004,1011,1037,1038,1039,1040,1041,1058,1059,1060,1061,1077,1078,1079,1104,1107,1109,1111,1113,1119,1125,1131","117,238,345,473,474,526,527,878,991,992,993,1111,1125","26,27,28,39,40,45,46,60,61,63,64,88,90,92,97,98,99,100,101,102,117,119,120,123,124,125,126,141,162,167,178,182,183,184,208,210,215,216,217,233,234,235,236,237,238,241,243,249,275,283,289,323,324,325,331,332,342,345,356,357,359,360,368,369,378,396,397,401,449,450,451,465,472,473,474,477,478,481,488,510,523,524,526,527,533,534,535,544,642,643,644,653,654,670,671,672,693,694,703,704,705,713,782,789,829,830,831,856,857,878,952,953,960,961,962,963,964,965,975,983,991,992,993,1004,1011,1037,1038,1039,1040,1041,1058,1059,1060,1061,1077,1078,1079,1104,1107,1109,1111,1113,1119,1125,1131,1134","88,90,92,98,100,101,102,141,154,169,206,207,236,241,247,248,249,274,280,283,331,332,354,355,378,488,510,514,522,527,580,581,640,641,642,643,644,645,646,647,653,654,663,664,670,671,672,755,756,757,990,1104,1148,1151"
114,くろいきり,1,"65,66,100,109,111,112,115,116,117,119,120,166,176,182,183,184,231,232,235,249,250,266,326,327,376,377,379,473,474,478,482,483,519,526,683,735,770,771,814,815,816,817,846,847,919,920,921,1007,1018,1083,1085,1086,1087,1103,1127","65,66,109,111,115,116,117,119,120,166,182,183,184,231,235,249,266,326,327,376,377,379,473,474,478,482,483,519,526,683,770,771,846,847,1083,1085,1086,1087,1103,1127","65,66,109,111,115,116,117,119,120,166,182,183,184,231,235,249,266,326,327,376,377,379,473,474,478,482,483,519,526,683,770,771,846,847,1083,1085,1086,1087,1103","65,66,109,111,115,116,117,119,120,166,182,183,184,231,235,249,266,326,327,376,377,379,473,474,478,482,483,519,526,683,770,771,846,847,1083,1085,1086,1087,1103","249,250","6,7,8,85,86,107,108,163,716,823","24,25,73,74,75,115,116,117,136,137,199,200,222,232,260,261,326,327,392,393,398,399,521,525,526,675,676,677,791","24,25,65,66,73,74,75,100,109,111,112,115,116,117,119,120,136,137,138,166,176,182,183,184,199,200,222,231,232,235,249,250,260,261,266,326,327,376,377,379,392,393,398,399,439,440,441,473,474,478,482,483,519,521,525,526,675,676,677,683,735,770,771,791,814,815,816,817,846,847,919,920,921,1007,1018,1083,1085,1086,1087,1103,1127","115,116,117,473,474,525,526,675,676,677,791,816,1007","24,25,65,66,73,74,75,100,109,111,112,115,116,117,119,120,136,137,138,166,176,182,183,184,199,200,222,231,232,235,249,250,260,261,266,326,327,376,377,379,392,393,398,399,439,440,441,473,474,478,482,483,519,521,525,526,675,676,677,683,735,770,771,791,814,815,816,817,846,847,919,920,921,1007,1018,1083,1085,1086,1087,1103,1127","6,7,8,85,86,100,107,108,112,163,249,376,377,379,439,440,441,735,814,815,816,823,919,920,921"
147,キノコのほうし,1,"328,329,658,659,1068,1069,1110","328,329,658,659,1068,1069,1110","328,329,658,659,1068,1069,1110","328,329,658,659,1068,1069",,,"1068,1069","328,329,658,659,1068,1069,1110",,"328,329,658,659,1068,1069,1110",
151,とける,1,"109,110,111,112,166,359,470,683,770,785,786,1090,1091","109,111,166,359,470,683,770,785,1090,1091","109,111,166,359,470,683,770,785,1090,1091","109,111,166,359,470,683,770,785,1090,1091",,"85,86,645,972,973","258,675,785,1090,1091","109,110,111,112,166,258,359,470,675,683,770,785,786,1090,1091",675,"109,110,111,112,166,258,359,470,675,683,770,785,786,1090,1091","85,86,110,112,645,972,973"
178,わたほうし,1,"215,216,217,223,224,225,374,375","215,216,217,223,224,225,374,375","215,216,217,223,224,225,374,375","215,216,217,223,224,225,374,375",,"604,605",,"215,216,217,223,224,225,374,375",,"215,216,217,223,224,225,374,375","604,605"
195,ほろびのうた,1,"115,117,210,235,238,341,376,377,448,1109,1111","115,117,210,235,238,341,376,377,448,1109,1111","115,117,210,235,238,341,376,377,448,1109,1111","115,117,210,235,238,341,376,377,448",,"107,163,821","115,117,222,448","115,117,210,222,235,238,341,376,377,448,1109,1111","115,117,238,1111","115,117,210,222,235,238,341,376,377,448,1109,1111","107,163,376,377,821"
204,あまえる,1,"26,27,28,45,46,56,57,58,59,60,61,62,63,64,69,71,141,165,166,167,168,208,210,219,220,223,224,225,233,234,238,256,257,272,273,283,323,324,325,328,329,341,365,366,413,465,477,488,504,505,518,519,523,526,534,606,607,608,642,643,644,653,654,681,682,730,731,732,747,748,749,780,782,783,784,785,786,787,788,834,835,836,837,840,841,842,843,860,861,862,875,878,951,952,953,960,961,962,967,982,1013,1021,1022,1023,1037,1038,1039,1040,1041,1043,1044,1045,1046,1047,1062,1063,1083,1085,1092,1093,1095,1096,1111,1143,1144","26,27,45,46,56,58,60,63,69,71,141,165,166,167,168,208,210,219,220,223,224,225,233,234,238,256,257,272,273,283,323,324,325,328,329,341,365,366,413,465,477,488,504,505,518,519,523,526,606,607,642,643,644,653,654,681,682,747,748,749,780,782,784,785,787,834,835,836,837,840,841,842,843,860,861,862,875,878,951,952,953,960,961,962,982,1021,1022,1023,1037,1038,1039,1040,1041,1043,1044,1045,1046,1047,1062,1063,1083,1085,1092,1093,1095,1096,1111","26,27,45,46,56,58,60,63,69,71,141,165,166,167,168,208,210,219,220,223,224,225,233,234,238,256,257,272,273,283,323,324,325,328,329,341,365,366,413,465,477,488,504,505,518,519,523,526,606,607,642,643,644,653,654,681,682,747,748,749,780,782,784,785,787,834,835,836,837,840,841,842,843,860,861,862,875,878,951,952,953,960,961,962,982,1021,1022,1023,1037,1038,1039,1040,1041,1043,1044,1045,1046,1047,1062,1063,1083,1085,1092,1093,1095,1096,1111","26,27,45,46,56,58,60,63,69,71,141,165,166,167,168,208,210,219,220,223,224,225,233,234,238,256,257,272,273,283,323,324,325,328,329,341,365,366,413,465,477,488,504,505,518,519,523,526,606,607,642,643,644,653,654,681,682,747,748,749,780,782,784,785,787,834,835,836,837,840,841,842,843,860,861,862,875,878,951,952,953,960,961,962,982,1021,1022,1023,1037,1038,1039,1040,1041,1043,1044,1045,1046,1047,1062,1063,1083,1085,1092,1093,1095,1096",,"0,1,2,49,50,51,107,108,163,187,188,189,218,247,248,354,355,423,604,605,640,641,645,646,647,755,756,757,821,822,823,863,972,973","26,27,39,40,41,43,69,71,175,197,198,208,260,261,302,303,323,324,325,357,401,465,494,521,523,526,598,599,600,606,607,783,784,785,787,834,835,836,837,838,839,840,841,842,843,878,960,961,962,982,1040,1041,1143,1144","26,27,28,39,40,41,42,43,44,45,46,56,57,58,59,60,61,62,63,64,69,71,141,165,166,167,168,175,197,198,208,210,219,220,223,224,225,233,234,238,256,257,260,261,272,273,283,302,303,323,324,325,328,329,341,357,365,366,401,413,439,440,441,465,477,488,494,504,505,518,519,521,523,526,534,598,599,600,606,607,608,642,643,644,653,654,681,682,730,731,732,747,748,749,780,782,783,784,785,786,787,788,834,835,836,837,838,839,840,841,842,843,860,861,862,875,878,951,952,953,960,961,962,967,982,1013,1021,1022,1023,1037,1038,1039,1040,1041,1043,1044,1045,1046,1047,1062,1063,1083,1085,1092,1093,1095,1096,1111,1143,1144","238,526,837,878,1092,1093,1111","26,27,28,39,40,41,42,43,44,45,46,56,57,58,59,60,61,62,63,64,69,71,141,165,166,167,168,175,197,198,208,210,219,220,223,224,225,233,234,238,256,257,260,261,272,273,283,302,303,323,324,325,328,329,341,357,365,366,401,413,439,440,441,465,477,488,494,504,505,518,519,521,523,526,534,598,599,600,606,607,608,642,643,644,653,654,681,682,730,731,732,747,748,749,780,782,783,784,785,786,787,788,834,835,836,837,838,839,840,841,842,843,860,861,862,875,878,951,952,953,960,961,962,967,982,1013,1021,1022,1023,1037,1038,1039,1040,1041,1043,1044,1045,1046,1047,1062,1063,1083,1085,1092,1093,1095,1096,1111,1143,1144","0,1,2,42,44,49,50,51,57,59,107,108,141,163,187,188,189,218,247,248,283,354,355,365,366,413,439,440,441,488,504,505,604,605,640,641,642,643,644,645,646,647,653,654,681,682,730,731,732,755,756,757,821,822,823,834,835,836,837,863,972,973"
227,アンコール,1,"26,27,28,45,46,65,66,67,68,116,117,119,120,184,208,210,219,220,223,224,225,227,228,232,272,273,323,324,325,330,331,332,341,345,359,360,368,369,374,375,396,397,465,501,502,505,523,533,534,535,558,559,560,561,606,607,608,636,638,681,682,730,731,732,781,857,864,951,952,953,981,1024,1025,1026,1027,1028,1029,1037,1038,1039,1040,1041,1047,1064,1065,1077,1078,1079,1083,1085,1102,1109,1115,1131,1144","26,27,45,46,65,66,67,68,116,117,119,120,184,208,210,219,220,223,224,225,227,228,272,273,323,324,325,330,331,332,341,345,359,360,368,369,374,375,396,397,465,501,502,505,523,606,607,636,638,681,682,781,857,864,951,952,953,981,1024,1025,1026,1027,1028,1029,1037,1038,1039,1040,1041,1047,1064,1065,1077,1078,1079,1083,1085,1102,1109,1115,1131","26,27,45,46,65,66,67,68,116,117,119,120,184,208,210,219,220,223,224,225,227,228,272,273,323,324,325,330,331,332,341,345,359,360,368,369,374,375,396,397,465,501,502,505,523,606,607,636,638,681,682,781,857,864,951,952,953,981,1024,1025,1026,1027,1028,1029,1037,1038,1039,1040,1041,1047,1064,1065,1077,1078,1079,1083,1085,1102,1109,1115,1131","26,27,45,46,65,66,67,68,116,117,119,120,184,208,210,219,220,223,224,225,227,228,272,273,323,324,325,330,331,332,341,345,359,360,368,369,374,375,396,397,465,501,502,505,523,606,607,636,638,681,682,781,857,864,951,952,953,981,1024,1025,1026,1027,1028,1029,1037,1038,1039,1040,1041,1047,1064,1065,1077,1078,1079,1083,1085,1102,1131",,"107,108,134,187,188,189,218,247,248,354,355,604,605,624,625,640,641,645,646,647,821,822,823,826,863,973","26,27,39,40,41,43,67,68,73,74,75,82,83,84,116,117,175,208,222,232,314,315,323,324,325,356,357,368,369,401,465,494,523,606,607,857,981,1040,1041,1102,1144","26,27,28,39,40,41,42,43,44,45,46,65,66,67,68,73,74,75,82,83,84,116,117,119,120,175,184,208,210,219,220,222,223,224,225,227,228,232,272,273,314,315,323,324,325,330,331,332,341,345,356,357,359,360,368,369,374,375,396,397,401,436,437,438,465,494,501,502,505,523,533,534,535,558,559,560,561,606,607,608,636,638,681,682,730,731,732,781,857,864,951,952,953,981,1024,1025,1026,1027,1028,1029,1037,1038,1039,1040,1041,1047,1064,1065,1077,1078,1079,1083,1085,1102,1109,1115,1131,1144","116,117,345,1026,1102","26,27,28,39,40,41,42,43,44,45,46,65,66,67,68,73,74,75,82,83,84,116,117,119,120,175,184,208,210,219,220,222,223,224,225,227,228,232,272,273,314,315,323,324,325,330,331,332,341,345,356,357,359,360,368,369,374,375,396,397,401,436,437,438,465,494,501,502,505,523,533,534,535,558,559,560,561,606,607,608,636,638,681,682,730,731,732,781,857,864,951,952,953,981,1024,1025,1026,1027,1028,1029,1037,1038,1039,1040,1041,1047,1064,1065,1077,1078,1079,1083,1085,1102,1109,1115,1131,1144","42,44,107,108,134,187,188,189,218,247,248,330,331,332,354,355,436,437,438,505,558,559,560,604,605,624,625,640,641,645,646,647,681,682,730,731,732,821,822,823,826,863,973"
261,おにび,1,"3,4,5,69,70,71,72,115,116,117,159,168,180,190,191,192,193,238,269,270,323,324,325,345,365,366,367,377,396,397,473,474,477,490,523,526,527,540,637,639,706,707,730,731,732,740,741,745,746,856,857,878,918,940,941,942,958,959,992,993,1007,1024,1025,1026,1055,1056,1057,1072,1093,1112,1129","69,71,115,116,117,159,168,238,269,270,323,324,325,345,365,366,367,377,396,397,473,474,477,490,523,526,527,706,707,740,741,745,746,856,857,878,940,941,942,958,959,992,993,1024,1025,1026,1055,1056,1057,1072,1093,1112,1129","69,71,115,116,117,159,168,238,269,270,323,324,325,345,365,366,367,377,396,397,473,474,477,490,523,526,527,706,707,740,741,745,746,856,857,878,940,941,942,958,959,992,993,1024,1025,1026,1055,1056,1057,1072,1093,1112","69,71,115,116,117,159,168,238,269,270,323,324,325,345,365,366,367,377,396,397,473,474,477,490,523,526,527,706,707,740,741,745,746,856,857,878,940,941,942,958,959,992,993,1024,1025,1026,1055,1056,1057,1072,1093",,"155,281,285,291,296,297,298,515,555,556,557,715,818,819,820,892","41,43,69,71,115,116,117,136,137,258,259,269,270,318,323,324,325,398,399,523,525,526,675,676,677,790,791,856,857,878","3,4,5,41,43,69,70,71,72,115,116,117,136,137,138,159,168,180,190,191,192,193,238,258,259,269,270,318,323,324,325,345,365,366,367,377,396,397,398,399,436,437,438,473,474,477,490,523,525,526,527,540,637,639,675,676,677,706,707,730,731,732,740,741,745,746,790,791,856,857,878,918,940,941,942,958,959,992,993,1007,1024,1025,1026,1055,1056,1057,1072,1093,1112,1129","115,116,117,193,238,345,473,474,490,525,526,527,637,639,675,676,677,790,791,878,958,959,992,993,1007,1026,1057,1093","3,4,5,41,43,69,70,71,72,115,116,117,136,137,138,159,168,180,190,191,192,193,238,258,259,269,270,318,323,324,325,345,365,366,367,377,396,397,398,399,436,437,438,473,474,477,490,523,525,526,527,540,637,639,675,676,677,706,707,730,731,732,740,741,745,746,790,791,856,857,878,918,940,941,942,958,959,992,993,1007,1024,1025,1026,1055,1056,1057,1072,1093,1112,1129","3,4,5,155,190,191,192,281,296,297,298,365,366,367,377,436,437,438,515,527,555,556,557,730,731,732,740,741,745,746,818,819,820,918,958,959"
269,ちょうはつ,1,"45,46,60,61,62,63,64,65,66,67,68,109,110,111,112,115,116,117,119,120,123,124,125,126,162,179,181,221,234,235,237,238,249,250,254,255,256,257,269,270,287,288,289,323,324,325,331,332,339,340,345,350,351,368,369,375,378,379,396,397,405,448,464,466,467,477,478,482,483,490,501,502,509,523,526,535,540,558,559,560,561,610,612,613,614,636,637,638,639,642,643,644,678,679,680,681,682,693,694,703,704,705,711,713,717,728,729,733,734,735,739,740,741,745,746,781,803,804,817,827,828,834,835,836,837,840,841,842,843,856,857,862,864,865,878,879,913,914,915,916,917,918,921,924,925,926,952,953,963,964,965,967,985,1001,1002,1006,1007,1013,1017,1018,1019,1020,1021,1022,1023,1029,1034,1036,1040,1041,1048,1056,1057,1062,1063,1064,1065,1068,1069,1082,1085,1086,1087,1088,1094,1099,1100,1101,1102,1107,1108,1110,1111,1115,1117,1119,1126,1127,1128,1129,1130,1131,1141,1142,1143,1144","45,46,60,63,65,66,67,68,109,111,115,116,117,119,120,123,125,162,221,234,235,238,249,254,256,257,269,270,287,288,289,323,324,325,331,332,339,340,345,350,351,368,369,375,378,379,396,397,405,448,464,466,467,477,478,482,483,490,501,502,509,523,526,610,612,613,614,636,638,642,643,644,678,679,680,681,682,693,694,703,704,705,739,740,741,745,746,781,803,804,827,828,834,835,836,837,840,841,842,843,856,857,862,864,865,878,879,924,925,926,952,953,963,964,965,985,1021,1022,1023,1029,1034,1036,1040,1041,1048,1056,1057,1062,1063,1064,1065,1068,1069,1082,1085,1086,1087,1088,1094,1099,1100,1101,1102,1107,1108,1110,1111,1115,1117,1119,1126,1127,1128,1129,1130,1131","45,46,60,63,65,66,67,68,109,111,115,116,117,119,120,123,125,162,221,234,235,238,249,254,256,257,269,270,287,288,289,323,324,325,331,332,339,340,345,350,351,368,369,375,378,379,396,397,405,448,464,466,467,477,478,482,483,490,501,502,509,523,526,610,612,613,614,636,638,642,643,644,678,679,680,681,682,693,694,703,704,705,739,740,741,745,746,781,803,804,827,828,834,835,836,837,840,841,842,843,856,857,862,864,865,878,879,924,925,926,952,953,963,964,965,985,1021,1022,1023,1029,1034,1036,1040,1041,1048,1056,1057,1062,1063,1064,1065,1068,1069,1082,1085,1086,1087,1088,1094,1099,1100,1101,1102,1107,1108,1110,1111,1115,1117,1119,1130,1131","45,46,60,63,65,66,67,68,109,111,115,116,117,119,120,123,125,162,221,234,235,238,249,254,256,257,269,270,287,288,289,323,324,325,331,332,339,340,345,350,351,368,369,375,378,379,396,397,405,448,464,466,467,477,478,482,483,490,501,502,509,523,526,610,612,613,614,636,638,642,643,644,678,679,680,681,682,693,694,703,704,705,739,740,741,745,746,781,803,804,827,828,834,835,836,837,840,841,842,843,856,857,862,864,865,878,879,924,925,926,952,953,963,964,965,985,1021,1022,1023,1029,1034,1036,1040,1041,1048,1056,1057,1062,1063,1064,1065,1068,1069,1082,1085,1086,1087,1088,1094,1099,1100,1101,1102,1107,1130,1131","124,126,249,250","106,133,134,154,155,247,248,268,280,429,456,457,514,515,552,553,554,555,556,557,581,604,605,624,625,708,709,710,722,766,767,818,819,820,863,1151,1152","67,68,75,115,116,117,136,137,162,221,226,245,254,269,270,302,303,318,323,324,325,342,356,368,369,384,385,398,399,401,405,448,472,481,509,520,523,524,525,526,590,591,592,610,675,676,677,688,689,693,694,699,700,803,804,834,835,836,837,840,841,842,843,856,857,878,882,883,884,963,964,965,983,1014,1040,1041,1068,1069,1082,1102,1107,1141,1142,1143,1144","45,46,60,61,62,63,64,65,66,67,68,75,109,110,111,112,115,116,117,119,120,123,124,125,126,136,137,138,162,179,181,221,234,235,237,238,245,249,250,254,255,256,257,269,270,287,288,289,302,303,318,323,324,325,331,332,339,340,342,345,350,351,356,368,369,375,378,379,384,385,396,397,398,399,401,405,436,437,438,448,464,466,467,472,477,478,481,482,483,490,501,502,509,520,523,524,525,526,535,540,558,559,560,561,590,591,592,610,612,613,614,636,637,638,639,642,643,644,675,676,677,678,679,680,681,682,688,689,693,694,699,700,703,704,705,711,713,717,728,729,733,734,735,739,740,741,745,746,781,803,804,817,827,828,834,835,836,837,840,841,842,843,856,857,862,864,865,878,879,882,883,884,913,914,915,916,917,918,921,924,925,926,952,953,963,964,965,967,983,985,1001,1002,1006,1007,1013,1014,1017,1018,1019,1020,1021,1022,1023,1029,1034,1036,1040,1041,1048,1056,1057,1062,1063,1064,1065,1068,1069,1082,1085,1086,1087,1088,1094,1099,1100,1101,1102,1107,1108,1110,1111,1115,1117,1119,1126,1127,1128,1129,1130,1131,1141,1142,1143,1144","115,116,117,238,345,490,525,526,637,639,675,676,677,837,878,1007,1057,1102,1111","45,46,60,61,62,63,64,65,66,67,68,75,109,110,111,112,115,116,117,119,120,123,124,125,126,136,137,138,162,179,181,221,234,235,237,238,245,249,250,254,255,256,257,269,270,287,288,289,302,303,318,323,324,325,331,332,339,340,342,345,350,351,356,368,369,375,378,379,384,385,396,397,398,399,401,405,436,437,438,448,464,466,467,472,477,478,481,482,483,490,501,502,509,520,523,524,525,526,535,540,558,559,560,561,590,591,592,610,612,613,614,636,637,638,639,642,643,644,675,676,677,678,679,680,681,682,688,689,693,694,699,700,703,704,705,711,713,717,728,729,733,734,735,739,740,741,745,746,781,803,804,817,827,828,834,835,836,837,840,841,842,843,856,857,862,864,865,878,879,882,883,884,913,914,915,916,917,918,921,924,925,926,952,953,963,964,965,967,983,985,1001,1002,1006,1007,1013,1014,1017,1018,1019,1020,1021,1022,1023,1029,1034,1036,1040,1041,1048,1056,1057,1062,1063,1064,1065,1068,1069,1082,1085,1086,1087,1088,1094,1099,1100,1101,1102,1107,1108,1110,1111,1115,1117,1119,1126,1127,1128,1129,1130,1131,1132,1134,1141,1142,1143,1144","106,110,112,133,134,154,155,247,248,249,268,280,331,332,378,379,436,437,438,456,457,514,515,552,553,554,555,556,557,558,559,560,581,604,605,612,613,614,624,625,642,643,644,678,679,680,681,682,699,700,728,729,733,734,735,739,740,741,745,746,766,767,818,819,820,834,835,836,837,863,879,913,914,915,916,917,918,921,1151,1152"
285,スキルスワップ,1,"28,45,46,54,55,65,66,97,98,99,100,115,116,117,119,120,141,177,233,234,236,237,238,241,275,283,323,324,325,345,350,351,368,369,396,397,473,474,477,484,485,490,523,533,534,535,544,642,643,644,662,730,731,732,748,749,780,783,864,868,869,958,959,960,961,962,981,982,1011,1023,1074,1075,1076,1077,1078,1079,1104,1131","45,46,54,55,65,66,97,99,115,116,117,119,120,141,233,234,236,238,241,275,283,323,324,325,345,350,351,368,369,396,397,473,474,477,484,485,490,523,642,643,644,662,748,749,780,864,868,869,958,959,960,961,962,981,982,1023,1074,1075,1076,1077,1078,1079,1104,1131","45,46,54,55,65,66,97,99,115,116,117,119,120,141,233,234,236,238,241,275,283,323,324,325,345,350,351,368,369,396,397,473,474,477,484,485,490,523,642,643,644,662,748,749,780,864,868,869,958,959,960,961,962,981,982,1023,1074,1075,1076,1077,1078,1079,1104,1131","45,46,54,55,65,66,97,99,115,116,117,119,120,141,233,234,236,238,241,275,283,323,324,325,345,350,351,368,369,396,397,473,474,477,484,485,490,523,642,643,644,662,748,749,780,864,868,869,958,959,960,961,962,981,982,1023,1074,1075,1076,1077,1078,1079,1104,1131",,"127,128,129,290,354,429,645,646,647,755,756,757,766,767","39,40,115,116,117,199,200,275,323,324,325,368,369,398,399,401,481,484,485,523,525,783,790,791,838,839,960,961,962,981,982,1011","28,39,40,45,46,54,55,65,66,97,98,99,100,115,116,117,119,120,141,177,199,200,233,234,236,237,238,241,275,283,323,324,325,345,350,351,368,369,396,397,398,399,401,473,474,477,481,484,485,490,523,525,533,534,535,544,642,643,644,662,730,731,732,748,749,780,783,790,791,838,839,864,868,869,958,959,960,961,962,981,982,1011,1023,1074,1075,1076,1077,1078,1079,1104,1131","115,116,117,238,345,473,474,490,525,790,791,868,869,958,959","28,39,40,45,46,54,55,65,66,97,98,99,100,115,116,117,119,120,141,177,199,200,233,234,236,237,238,241,275,283,323,324,325,345,350,351,368,369,396,397,398,399,401,473,474,477,481,484,485,490,523,525,533,534,535,544,642,643,644,662,730,731,732,748,749,780,783,790,791,838,839,864,868,869,958,959,960,961,962,981,982,1011,1023,1074,1075,1076,1077,1078,1079,1104,1131","54,55,98,100,127,128,129,141,236,241,283,354,642,643,644,645,646,647,662,730,731,732,755,756,757,766,767,958,959,1074,1104"
286,ふういん,1,"97,98,99,100,109,110,111,112,115,116,117,119,120,177,181,233,236,237,238,241,275,323,324,325,345,350,351,368,369,396,397,473,474,477,484,485,490,523,526,533,534,535,636,637,638,639,642,643,644,717,730,731,732,789,816,864,868,869,958,959,960,961,962,964,965,977,978,981,982,1011,1019,1020,1026,1074,1104,1109,1111,1131,1139,1140,1142","97,99,109,111,115,116,117,119,120,233,236,238,241,275,323,324,325,345,350,351,368,369,396,397,473,474,477,484,485,490,523,526,636,638,642,643,644,789,864,868,869,958,959,960,961,962,964,965,977,978,981,982,1026,1074,1104,1109,1111,1131","97,99,109,111,115,116,117,119,120,233,236,238,241,275,323,324,325,345,350,351,368,369,396,397,473,474,477,484,485,490,523,526,636,638,642,643,644,789,864,868,869,958,959,960,961,962,964,965,977,978,981,982,1026,1074,1104,1109,1111,1131","97,99,109,111,115,116,117,119,120,233,236,238,241,275,323,324,325,345,350,351,368,369,396,397,473,474,477,484,485,490,523,526,636,638,642,643,644,789,864,868,869,958,959,960,961,962,964,965,977,978,981,982,1026,1074,1104,1131",,"127,128,129,290,291,429,645,646,647,691,692,715,716,719,720,721,756,900,973","39,40,41,43,115,116,117,199,200,275,318,323,324,325,368,369,393,398,399,401,484,485,523,525,526,675,676,677,790,791,838,839,960,961,962,964,965,981,982,1011,1139,1140,1142","39,40,41,42,43,44,97,98,99,100,109,110,111,112,115,116,117,119,120,177,181,199,200,233,236,237,238,241,275,318,323,324,325,345,350,351,368,369,393,396,397,398,399,401,473,474,477,484,485,490,523,525,526,533,534,535,636,637,638,639,642,643,644,675,676,677,717,730,731,732,789,790,791,816,838,839,864,868,869,958,959,960,961,962,964,965,977,978,981,982,1011,1019,1020,1026,1074,1104,1109,1111,1131,1139,1140,1142","115,116,117,238,345,473,474,490,525,526,637,639,675,676,677,790,791,816,868,869,958,959,1026,1111,1139,1140","39,40,41,42,43,44,97,98,99,100,109,110,111,112,115,116,117,119,120,177,181,199,200,233,236,237,238,241,275,318,323,324,325,345,350,351,368,369,393,396,397,398,399,401,473,474,477,484,485,490,523,525,526,533,534,535,636,637,638,639,642,643,644,675,676,677,717,730,731,732,789,790,791,816,838,839,864,868,869,958,959,960,961,962,964,965,977,978,981,982,1011,1019,1020,1026,1074,1104,1109,1111,1131,1139,1140,1142","42,44,98,100,110,112,127,128,129,236,241,642,643,644,645,646,647,691,692,730,731,732,756,816,958,959,973,1074,1104"
294,ほたるび,1,,,,,,,356,356,,356,
322,コスモパワー,1,1073,1073,1073,1073,,"429,874,890,891,892","39,40,481","39,40,481,1073",,"39,40,481,1073","874,1073"
334,てっぺき,1,"57,59,62,99,100,101,102,113,114,221,236,237,242,243,251,253,273,287,288,289,367,414,415,416,484,485,496,510,540,683,693,694,728,729,743,744,783,789,800,801,802,832,833,840,841,842,843,846,847,848,849,868,869,926,937,940,941,942,944,945,947,967,974,978,979,984,985,1001,1002,1006,1019,1020,1052,1053,1054,1056,1057,1070,1073,1074,1086,1087,1089,1090,1091,1107,1113,1114,1116,1119,1139,1140","99,101,102,113,114,221,236,242,243,251,253,273,287,288,289,367,414,415,416,484,485,496,510,683,693,694,743,744,789,800,801,832,833,840,841,842,843,846,847,848,849,868,869,926,937,940,941,942,944,945,947,974,978,979,984,985,1052,1053,1054,1056,1057,1070,1073,1074,1086,1087,1089,1090,1091,1107,1113,1114,1116,1119","99,101,102,113,114,221,236,242,243,251,253,273,287,288,289,367,414,415,416,484,485,496,510,683,693,694,743,744,789,800,801,832,833,840,841,842,843,846,847,848,849,868,869,926,937,940,941,942,944,945,947,974,978,979,984,985,1052,1053,1054,1056,1057,1070,1073,1074,1086,1087,1089,1090,1091,1107,1113,1114,1116,1119","99,101,102,113,114,221,236,242,243,251,253,273,287,288,289,367,414,415,416,484,485,496,510,683,693,694,743,744,789,800,801,832,833,840,841,842,843,846,847,848,849,868,869,926,937,940,941,942,944,945,947,974,978,979,984,985,1052,1053,1054,1056,1057,1070,1073,1074,1086,1087,1089,1090,1091,1107",,"6,7,8,140,268,417,418,419,429,456,457,512,587,588,624,625,645,646,647,691,692,708,850,851,891,900,990,1148,1152,1153","87,89,91,221,253,258,259,342,384,385,484,485,496,524,598,599,600,693,694,699,700,783,830,831,840,841,842,843,848,849,882,883,884,937,944,945,1089,1090,1091,1107,1139,1140","30,32,57,59,62,87,88,89,90,91,92,99,100,101,102,113,114,221,236,237,242,243,251,253,258,259,273,287,288,289,342,367,384,385,414,415,416,435,441,484,485,496,510,524,540,598,599,600,683,693,694,699,700,728,729,743,744,783,789,800,801,802,830,831,832,833,840,841,842,843,846,847,848,849,868,869,882,883,884,926,937,940,941,942,944,945,947,967,974,978,979,984,985,1001,1002,1006,1019,1020,1052,1053,1054,1056,1057,1070,1073,1074,1086,1087,1089,1090,1091,1107,1113,1114,1116,1119,1139,1140","868,869,1057,1139,1140","30,32,57,59,62,87,88,89,90,91,92,99,100,101,102,113,114,221,236,237,242,243,251,253,258,259,273,287,288,289,342,367,384,385,414,415,416,435,441,484,485,496,510,524,540,598,599,600,683,693,694,699,700,728,729,743,744,783,789,800,801,802,830,831,832,833,840,841,842,843,846,847,848,849,868,869,882,883,884,926,937,940,941,942,944,945,947,967,974,978,979,984,985,1001,1002,1006,1019,1020,1052,1053,1054,1056,1057,1070,1073,1074,1086,1087,1089,1090,1091,1107,1113,1114,1116,1119,1139,1140","6,7,8,57,59,88,90,92,100,101,102,140,236,251,268,367,417,418,419,435,441,456,457,510,512,587,588,624,625,645,646,647,691,692,699,700,728,729,832,833,850,851,990,1073,1074,1148,1152,1153"
349,りゅうのまい,1,"3,4,5,162,182,183,184,287,288,289,377,382,383,400,414,415,416,678,679,680,705,804,857,944,992,993,1005,1099,1100,1101,1119,1122,1130","162,182,183,184,287,288,289,377,382,383,400,414,415,416,678,679,680,705,804,857,944,992,993,1099,1100,1101,1119,1122,1130","162,182,183,184,287,288,289,377,382,383,400,414,415,416,678,679,680,705,804,857,944,992,993,1099,1100,1101,1119,1122,1130","162,182,183,184,287,288,289,377,382,383,400,414,415,416,678,679,680,705,804,857,944,992,993,1099,1100,1101,1122,1130",,"144,145,163,194,195,196,271,295,373,423,424,624,625,715,716,719,720,721,900,1150","162,382,383,384,385,393,804,857,882,883,884,944","3,4,5,162,182,183,184,287,288,289,377,382,383,384,385,393,400,414,415,416,678,679,680,705,804,857,882,883,884,944,992,993,1005,1099,1100,1101,1119,1122,1130","992,993","3,4,5,162,182,183,184,287,288,289,377,382,383,384,385,393,400,414,415,416,678,679,680,705,804,857,882,883,884,944,992,993,1005,1099,1100,1101,1119,1122,1130","3,4,5,144,145,163,194,195,196,271,295,373,377,624,625,678,679,680,1150"
469,ワイドガード,1,"321,339,400,523,662,727,801,802,832,846,847,977,978,1054,1056,1094,1131","321,339,400,523,662,801,832,846,847,977,978,1054,1056,1094,1131","321,339,400,523,662,801,832,846,847,977,978,1054,1056,1094,1131","321,339,400,523,662,801,832,846,847,977,978,1054,1056,1094,1131",,"133,278,299,457,851,891,892","87,342,523,524,590,689","87,88,321,339,342,400,433,523,524,590,662,689,727,801,802,832,846,847,977,978,1054,1056,1094,1131",,"87,88,321,339,342,400,433,523,524,590,662,689,727,801,802,832,846,847,977,978,1054,1056,1094,1131","88,133,278,299,433,457,662,727,832,851"
483,ちょうのまい,1,"55,327,607,707,744,834,835,836,837,977","55,327,607,707,744,834,835,836,837,977","55,327,607,707,744,834,835,836,837,977","55,327,607,707,744,834,835,836,837,977",,218,"327,607,834,835,836,837,838,839","55,327,607,707,744,834,835,836,837,838,839,977",837,"55,327,607,707,744,834,835,836,837,838,839,977","55,218,834,835,836,837"
501,ファストガード,1,"152,179,255,350,378,495,496,501,523,693,727,739,781,841,843,865,1057,1094,1131","152,350,378,495,496,501,523,693,739,781,841,843,865,1057,1094,1131","152,350,378,495,496,501,523,693,739,781,841,843,865,1057,1094,1131","152,350,378,495,496,501,523,693,739,781,841,843,865,1057,1094,1131",,"134,278,293,294,295,624,708,709,710,722,756,1152,1153","226,495,496,523,688,689,693,841,843","152,179,255,350,378,495,496,501,523,688,689,693,727,739,781,841,843,865,1057,1094,1131",1057,"152,179,255,350,378,495,496,501,523,688,689,693,727,739,781,841,843,865,1057,1094,1131","134,152,278,293,294,295,378,624,727,739,756,1152,1153"
502,サイドチェンジ,1,"241,490,533,534,535,544,958,1021,1056,1057,1075,1092","241,490,958,1021,1056,1057,1075,1092","241,490,958,1021,1056,1057,1075,1092","241,490,958,1021,1056,1057,1075,1092",,"424,645,646,647","481,790","241,481,490,533,534,535,544,790,958,1021,1056,1057,1075,1092","490,790,958,1057,1092","241,481,490,533,534,535,544,790,958,1021,1056,1057,1075,1092","241,645,646,647,958"
504,からをやぶる,1,"113,114,367,936,958,959","113,114,367,936,958,959","113,114,367,936,958,959","113,114,367,936,958,959",,"6,7,8,874","259,936","113,114,259,367,433,936,958,959","958,959","113,114,259,367,433,936,958,959","6,7,8,367,433,874,958,959"
508,ギアチェンジ,1,"952,1087,1088","952,1087,1088","952,1087,1088","952,1087,1088",,,,"952,1087,1088",,"952,1087,1088",
538,コットンガード,1,"215,216,217,223,376,377","215,216,217,223,376,377","215,216,217,223,376,377","215,216,217,223,376,377",,"604,605",,"215,216,217,223,376,377",,"215,216,217,223,376,377","376,377,604,605"
575,すてゼリフ,1,"61,963,1048,1064,1082,1086,1142","963,1048,1064,1082,1086","963,1048,1064,1082,1086","963,1048,1064,1082,1086",,818,"963,983,1082,1142","61,963,983,1048,1064,1082,1086,1142",,"61,963,983,1048,1064,1082,1086,1142",818
598,かいでんぱ,1,"26,27,28,101,102,123,125,167,178,215,216,217,232,449,450,451,465,510,527,671,672,713,782,952,953,1004,1037,1038,1039,1058,1059,1060,1061,1113,1119","26,27,101,102,123,125,167,215,216,217,449,450,451,465,510,527,671,672,782,952,953,1037,1038,1039,1058,1059,1060,1061,1113,1119","26,27,101,102,123,125,167,215,216,217,449,450,451,465,510,527,671,672,782,952,953,1037,1038,1039,1058,1059,1060,1061,1113,1119","26,27,101,102,123,125,167,215,216,217,449,450,451,465,510,527,671,672,782,952,953,1037,1038,1039,1058,1059,1060,1061",,"154,169,206,207,274,280,284,354,514,522,580,581,1151","26,27,232,449,450,451,465,671,672,830,831,983","26,27,28,101,102,123,125,167,178,215,216,217,232,449,450,451,465,510,527,671,672,713,782,830,831,952,953,983,1004,1037,1038,1039,1058,1059,1060,1061,1113,1119",527,"26,27,28,101,102,123,125,167,178,215,216,217,232,449,450,451,465,510,527,671,672,713,782,830,831,952,953,983,1004,1037,1038,1039,1058,1059,1060,1061,1113,1119,1134","101,102,154,169,206,207,274,280,354,510,514,522,527,580,581,671,672,1151"
694,オーロラベール,1,"266,508,526,683,800,977,979,1115","266,508,526,683,800,977,979,1115","266,508,526,683,800,977,979,1115","266,508,526,683,800,977,979",,,526,"42,44,266,508,526,683,800,977,979,1115",526,"42,44,266,508,526,683,800,977,979,1115","42,44,508"
14,つるぎのまい,0,"3,4,5,56,57,58,59,62,152,223,224,225,228,249,250,251,253,254,255,256,257,329,359,360,374,375,378,379,397,400,448,491,492,493,495,496,502,507,508,509,518,523,558,559,560,561,607,608,636,638,639,654,678,679,680,682,693,694,717,729,734,735,739,740,741,772,773,781,814,815,816,817,834,835,836,837,840,841,842,843,852,853,875,878,879,913,914,915,917,918,921,923,937,962,967,974,1000,1001,1002,1006,1012,1013,1017,1018,1029,1036,1057,1064,1065,1070,1077,1078,1079,1094,1107,1116,1119,1120,1121,1122,1127,1131,1143,1144","56,58,152,223,224,225,228,249,251,253,254,256,257,329,359,360,374,375,378,379,397,400,448,491,492,493,495,496,502,507,508,509,518,523,607,636,638,654,678,679,680,682,693,694,739,740,741,772,773,781,834,835,836,837,840,841,842,843,852,853,875,878,879,923,937,962,974,1029,1036,1057,1064,1065,1070,1077,1078,1079,1094,1107,1116,1119,1120,1121,1122,1127,1131","56,58,152,223,224,225,228,249,251,253,254,256,257,329,359,360,374,375,378,379,397,400,448,491,492,493,495,496,502,507,508,509,518,523,607,636,638,654,678,679,680,682,693,694,739,740,741,772,773,781,834,835,836,837,840,841,842,843,852,853,875,878,879,923,937,962,974,1029,1036,1057,1064,1065,1070,1077,1078,1079,1094,1107,1116,1119,1120,1121,1122,1131","56,58,152,223,224,225,228,249,251,253,254,256,257,329,359,360,374,375,378,379,397,400,448,491,492,493,495,496,502,507,508,509,518,523,607,636,638,654,678,679,680,682,693,694,739,740,741,772,773,781,834,835,836,837,840,841,842,843,852,853,875,878,879,923,937,962,974,1029,1036,1057,1064,1065,1070,1077,1078,1079,1094,1107,1120,1121,1122,1131","249,250","0,1,2,49,50,51,85,86,105,106,127,128,129,133,134,139,140,187,188,189,194,195,196,218,268,293,294,295,296,297,298,454,455,512,552,553,554,587,588,625,708,709,710,722,818,819,820,824,825,826,900,990,1148,1152,1153","29,31,82,83,84,204,229,245,253,254,313,314,315,317,318,384,385,448,491,492,493,495,496,509,517,520,523,600,607,688,689,693,694,834,835,836,837,840,841,842,843,852,853,878,882,883,884,923,937,962,1014,1107,1143,1144","3,4,5,29,30,31,32,56,57,58,59,62,82,83,84,152,204,223,224,225,228,229,245,249,250,251,253,254,255,256,257,313,314,315,317,318,329,359,360,374,375,378,379,384,385,397,400,433,434,435,436,437,438,441,448,491,492,493,495,496,502,507,508,509,517,518,520,523,558,559,560,561,600,607,608,636,638,639,654,678,679,680,682,688,689,693,694,717,729,734,735,739,740,741,772,773,781,814,815,816,817,834,835,836,837,840,841,842,843,852,853,875,878,879,882,883,884,913,914,915,917,918,921,923,937,962,967,974,1000,1001,1002,1006,1012,1013,1014,1017,1018,1029,1036,1057,1064,1065,1070,1077,1078,1079,1094,1107,1116,1119,1120,1121,1122,1127,1131,1143,1144","639,816,837,878,1057","3,4,5,29,30,31,32,56,57,58,59,62,82,83,84,152,204,223,224,225,228,229,245,249,250,251,253,254,255,256,257,313,314,315,317,318,329,359,360,374,375,378,379,384,385,397,400,433,434,435,436,437,438,441,448,491,492,493,495,496,502,507,508,509,517,518,520,523,558,559,560,561,600,607,608,636,638,639,654,678,679,680,682,688,689,693,694,717,729,734,735,739,740,741,772,773,781,814,815,816,817,834,835,836,837,840,841,842,843,852,853,875,878,879,882,883,884,913,914,915,917,918,921,923,937,962,967,974,1000,1001,1002,1006,1012,1013,1014,1017,1018,1029,1036,1057,1064,1065,1070,1077,1078,1079,1094,1107,1116,1119,1120,1121,1122,1127,1131,1132,1134,1143,1144","0,1,2,3,4,5,29,31,49,50,51,57,59,85,86,105,106,127,128,129,133,134,139,140,152,187,188,189,194,195,196,218,249,251,268,293,294,295,296,297,298,378,379,433,434,435,436,437,438,441,454,455,507,508,512,552,553,554,558,559,560,587,588,625,654,678,679,680,682,729,734,735,739,740,741,814,815,816,818,819,820,824,825,826,834,835,836,837,879,913,914,915,917,918,921,990,1012,1148,1152,1153"
18,ふきとばし,0,"235,327,339,340,368,400,442,443,444,497,696,697,698,707,803,804,984,1082,1112,1116,1118,1128","235,327,339,340,368,400,442,443,444,497,696,697,707,803,804,984,1082,1112,1116,1118,1128","235,327,339,340,368,400,442,443,444,497,696,697,707,803,804,984,1082,1112,1116,1118","235,327,339,340,368,400,442,443,444,497,696,697,707,803,804,984,1082",,"105,268,290,291,454","199,229,318,327,368,442,443,444,699,700,803,804,1082","199,229,235,318,327,339,340,368,400,442,443,444,497,696,697,698,699,700,707,803,804,984,1082,1112,1116,1118,1128",,"199,229,235,318,327,339,340,368,400,442,443,444,497,696,697,698,699,700,707,803,804,984,1082,1112,1116,1118,1128","105,268,454,696,697,699,700"
28,すなかけ,0,"56,57,58,59,165,166,167,168,233,234,275,339,340,374,375,442,491,492,493,497,498,518,519,612,613,614,653,654,780,827,828,840,841,842,843,856,868,869,916,924,946,947,1011,1073,1074,1080,1081,1116","56,58,165,166,167,168,233,234,275,339,340,374,375,442,491,492,493,497,498,518,519,612,613,614,653,654,780,827,828,840,841,842,843,856,868,869,924,946,947,1073,1074,1080,1081,1116","56,58,165,166,167,168,233,234,275,339,340,374,375,442,491,492,493,497,498,518,519,612,613,614,653,654,780,827,828,840,841,842,843,856,868,869,924,946,947,1073,1074,1080,1081,1116","56,58,165,166,167,168,233,234,275,339,340,374,375,442,491,492,493,497,498,518,519,612,613,614,653,654,780,827,828,840,841,842,843,856,868,869,924,946,947,1073,1074,1080,1081",,"268,296,297,298,371,372,373,580,624,625","29,31,226,245,275,302,303,442,472,491,492,493,520,840,841,842,843,856,1011","29,31,56,57,58,59,165,166,167,168,233,234,245,275,302,303,339,340,374,375,442,472,491,492,493,497,498,518,519,520,612,613,614,653,654,780,827,828,840,841,842,843,856,868,869,916,924,946,947,1011,1073,1074,1080,1081,1116","868,869","29,31,56,57,58,59,165,166,167,168,233,234,245,275,302,303,339,340,374,375,442,472,491,492,493,497,498,518,519,520,612,613,614,653,654,780,827,828,840,841,842,843,856,868,869,916,924,946,947,1011,1073,1074,1080,1081,1116","29,31,57,59,268,296,297,298,371,372,373,580,612,613,614,624,625,653,654,916,1073,1074"
39,しっぽをふる,0,"26,27,28,60,65,66,141,157,158,159,160,165,166,167,168,208,219,220,223,224,225,231,232,233,234,283,341,465,518,519,558,559,560,561,610,611,730,731,732,750,751,770,771,780,782,922,923,1006,1007,1015,1016,1021,1022,1023,1030,1031,1032,1043,1044,1092,1093,1103","26,27,60,65,66,141,157,158,159,160,165,166,167,168,208,219,220,223,224,225,231,233,234,283,341,465,518,519,610,750,751,770,771,780,782,922,923,1021,1022,1023,1030,1031,1032,1043,1044,1092,1093,1103","26,27,60,65,66,141,157,158,159,160,165,166,167,168,208,219,220,223,224,225,231,233,234,283,341,465,518,519,610,750,751,770,771,780,782,922,923,1021,1022,1023,1030,1031,1032,1043,1044,1092,1093,1103","26,27,60,65,66,141,157,158,159,160,165,166,167,168,208,219,220,223,224,225,231,233,234,283,341,465,518,519,610,750,751,770,771,780,782,922,923,1021,1022,1023,1030,1031,1032,1043,1044,1092,1093,1103",,"6,7,8,139,140,247,248,512,555,556,557,580,581,640","26,27,41,43,208,226,232,465,472,610,611,922,923,983,1015,1016","26,27,28,41,42,43,44,60,65,66,141,157,158,159,160,165,166,167,168,208,219,220,223,224,225,231,232,233,234,283,341,465,472,518,519,558,559,560,561,610,611,730,731,732,750,751,770,771,780,782,922,923,983,1006,1007,1015,1016,1021,1022,1023,1030,1031,1032,1043,1044,1092,1093,1103","1007,1015,1016,1092,1093","26,27,28,41,42,43,44,60,65,66,141,157,158,159,160,165,166,167,168,208,219,220,223,224,225,231,232,233,234,283,341,465,472,518,519,558,559,560,561,610,611,730,731,732,750,751,770,771,780,782,922,923,983,1006,1007,1015,1016,1021,1022,1023,1030,1031,1032,1043,1044,1092,1093,1103","6,7,8,42,44,139,140,141,157,247,248,283,512,555,556,557,558,559,560,580,581,640,730,731,732"
43,にらみつける,0,"67,68,69,70,71,72,113,114,152,162,180,181,182,183,184,190,191,192,193,251,253,254,255,257,269,270,275,287,288,289,345,374,375,378,400,404,405,414,415,416,449,450,451,482,507,508,509,523,526,540,612,613,614,636,637,638,639,678,679,680,693,694,696,697,698,711,713,717,745,746,827,828,832,833,840,841,842,843,865,924,925,926,952,953,1000,1001,1002,1011,1012,1013,1017,1024,1025,1026,1035,1036,1055,1056,1057,1062,1063,1064,1065,1071,1072,1082,1102,1107,1120,1121,1122,1130","67,68,69,71,113,114,152,162,182,183,184,251,253,254,257,269,270,275,287,288,289,345,374,375,378,400,404,405,414,415,416,449,450,451,482,507,508,509,523,526,612,613,614,636,638,678,679,680,693,694,696,697,745,746,827,828,832,833,840,841,842,843,865,924,925,926,952,953,1024,1025,1026,1035,1036,1055,1056,1057,1062,1063,1064,1065,1071,1072,1082,1102,1107,1120,1121,1122,1130","67,68,69,71,113,114,152,162,182,183,184,251,253,254,257,269,270,275,287,288,289,345,374,375,378,400,404,405,414,415,416,449,450,451,482,507,508,509,523,526,612,613,614,636,638,678,679,680,693,694,696,697,745,746,827,828,832,833,840,841,842,843,865,924,925,926,952,953,1024,1025,1026,1035,1036,1055,1056,1057,1062,1063,1064,1065,1071,1072,1082,1102,1107,1120,1121,1122,1130","67,68,69,71,113,114,152,162,182,183,184,251,253,254,257,269,270,275,287,288,289,345,374,375,378,400,404,405,414,415,416,449,450,451,482,507,508,509,523,526,612,613,614,636,638,678,679,680,693,694,696,697,745,746,827,828,832,833,840,841,842,843,865,924,925,926,952,953,1024,1025,1026,1035,1036,1055,1056,1057,1062,1063,1064,1065,1071,1072,1082,1102,1107,1120,1121,1122,1130",,"144,145,154,155,194,195,196,268,271,280,281,284,285,286,293,294,295,429,454,455,514,515,552,553,554,624,625,708,709,710,722,755,756,757,990,1148,1150,1152,1153","24,25,67,68,69,71,162,253,254,269,270,275,302,303,384,385,398,399,404,405,449,450,451,509,523,525,526,590,591,592,693,694,699,700,840,841,842,843,882,883,884,983,1011,1014,1082,1102,1107","24,25,67,68,69,70,71,72,113,114,152,162,180,181,182,183,184,190,191,192,193,251,253,254,255,257,269,270,275,287,288,289,302,303,345,374,375,378,384,385,398,399,400,404,405,414,415,416,436,437,438,449,450,451,482,507,508,509,523,525,526,540,590,591,592,612,613,614,636,637,638,639,678,679,680,693,694,696,697,698,699,700,711,713,717,745,746,827,828,832,833,840,841,842,843,865,882,883,884,924,925,926,952,953,983,1000,1001,1002,1011,1012,1013,1014,1017,1024,1025,1026,1035,1036,1055,1056,1057,1062,1063,1064,1065,1071,1072,1082,1102,1107,1120,1121,1122,1130","193,345,525,526,637,639,1026,1057,1102","24,25,67,68,69,70,71,72,113,114,152,162,180,181,182,183,184,190,191,192,193,251,253,254,255,257,269,270,275,287,288,289,302,303,345,374,375,378,384,385,398,399,400,404,405,414,415,416,436,437,438,449,450,451,482,507,508,509,523,525,526,540,590,591,592,612,613,614,636,637,638,639,678,679,680,693,694,696,697,698,699,700,711,713,717,745,746,827,828,832,833,840,841,842,843,865,882,883,884,924,925,926,952,953,983,1000,1001,1002,1011,1012,1013,1014,1017,1024,1025,1026,1035,1036,1055,1056,1057,1062,1063,1064,1065,1071,1072,1082,1102,1107,1120,1121,1122,1130","144,145,152,154,155,190,191,192,194,195,196,251,268,271,280,281,293,294,295,378,436,437,438,454,455,507,508,514,515,552,553,554,612,613,614,624,625,678,679,680,696,697,699,700,745,746,755,756,757,832,833,990,1012,1148,1150,1152,1153"
45,なきごえ,0,"3,4,5,26,27,28,56,57,58,59,60,61,62,63,64,97,98,99,100,165,166,167,168,215,216,217,233,234,236,237,238,241,272,273,321,322,323,324,325,365,366,368,376,377,442,443,444,447,448,465,466,467,477,518,519,523,653,654,681,682,727,728,729,733,734,735,739,740,741,780,814,815,816,817,834,835,836,837,913,914,915,916,917,918,919,920,921,951,952,953,967,984,985,1027,1028,1029,1037,1038,1039,1043,1044,1048,1060,1061,1075,1076,1088,1092,1093,1095,1096,1104","26,27,56,58,60,63,97,99,165,166,167,168,215,216,217,233,234,236,238,241,272,273,321,322,323,324,325,365,366,368,376,377,442,443,444,447,448,465,466,467,477,518,519,523,653,654,681,682,739,740,741,780,834,835,836,837,951,952,953,984,985,1027,1028,1029,1037,1038,1039,1043,1044,1048,1060,1061,1075,1076,1088,1092,1093,1095,1096,1104","26,27,56,58,60,63,97,99,165,166,167,168,215,216,217,233,234,236,238,241,272,273,321,322,323,324,325,365,366,368,376,377,442,443,444,447,448,465,466,467,477,518,519,523,653,654,681,682,739,740,741,780,834,835,836,837,951,952,953,984,985,1027,1028,1029,1037,1038,1039,1043,1044,1048,1060,1061,1075,1076,1088,1092,1093,1095,1096,1104","26,27,56,58,60,63,97,99,165,166,167,168,215,216,217,233,234,236,238,241,272,273,321,322,323,324,325,365,366,368,376,377,442,443,444,447,448,465,466,467,477,518,519,523,653,654,681,682,739,740,741,780,834,835,836,837,951,952,953,984,985,1027,1028,1029,1037,1038,1039,1043,1044,1048,1060,1061,1075,1076,1088,1092,1093,1095,1096,1104",,"0,1,2,105,106,107,108,163,187,188,189,247,248,296,297,298,299,300,301,354,355,818,819,820,821,822,823,824,825,826","26,27,39,40,199,200,313,314,315,323,324,325,368,401,442,443,444,447,448,465,481,523,834,835,836,837","3,4,5,26,27,28,39,40,56,57,58,59,60,61,62,63,64,97,98,99,100,165,166,167,168,199,200,215,216,217,233,234,236,237,238,241,272,273,313,314,315,321,322,323,324,325,365,366,368,376,377,401,439,440,441,442,443,444,447,448,465,466,467,477,481,518,519,523,653,654,681,682,727,728,729,733,734,735,739,740,741,780,814,815,816,817,834,835,836,837,913,914,915,916,917,918,919,920,921,951,952,953,967,984,985,1027,1028,1029,1037,1038,1039,1043,1044,1048,1060,1061,1075,1076,1088,1092,1093,1095,1096,1104","238,816,837,1092,1093","3,4,5,26,27,28,39,40,56,57,58,59,60,61,62,63,64,97,98,99,100,165,166,167,168,199,200,215,216,217,233,234,236,237,238,241,272,273,313,314,315,321,322,323,324,325,365,366,368,376,377,401,439,440,441,442,443,444,447,448,465,466,467,477,481,518,519,523,653,654,681,682,727,728,729,733,734,735,739,740,741,780,814,815,816,817,834,835,836,837,913,914,915,916,917,918,919,920,921,951,952,953,967,984,985,1027,1028,1029,1037,1038,1039,1043,1044,1048,1060,1061,1075,1076,1088,1092,1093,1095,1096,1104","0,1,2,3,4,5,57,59,98,100,105,106,107,108,163,187,188,189,236,241,247,248,296,297,298,299,300,301,354,355,365,366,376,377,439,440,441,653,654,681,682,727,728,729,733,734,735,739,740,741,814,815,816,818,819,820,821,822,823,824,825,826,834,835,836,837,913,914,915,916,917,918,919,920,921,1104"
46,ほえる,0,"3,4,5,63,64,69,70,71,72,162,165,166,167,168,176,180,184,190,191,192,193,216,217,233,234,269,270,272,273,275,289,331,332,365,366,377,378,400,414,415,416,449,450,451,466,467,482,483,496,497,498,518,519,612,613,614,636,637,638,639,678,679,680,682,703,704,705,727,728,729,745,746,750,751,780,828,840,841,842,843,848,849,1001,1006,1011,1013,1024,1025,1026,1043,1044,1062,1063,1092,1093,1104,1108,1109,1117,1130,1141","63,69,71,162,165,166,167,168,184,216,217,233,234,269,270,272,273,275,289,331,332,365,366,377,378,400,414,415,416,449,450,451,466,467,482,483,496,497,498,518,519,612,613,614,636,638,678,679,680,682,703,704,705,745,746,750,751,780,828,840,841,842,843,848,849,1024,1025,1026,1043,1044,1062,1063,1092,1093,1104,1108,1109,1117,1130","63,69,71,162,165,166,167,168,184,216,217,233,234,269,270,272,273,275,289,331,332,365,366,377,378,400,414,415,416,449,450,451,466,467,482,483,496,497,498,518,519,612,613,614,636,638,678,679,680,682,703,704,705,745,746,750,751,780,828,840,841,842,843,848,849,1024,1025,1026,1043,1044,1062,1063,1092,1093,1104,1108,1109,1117,1130","63,69,71,162,165,166,167,168,184,216,217,233,234,269,270,272,273,275,289,331,332,365,366,377,378,400,414,415,416,449,450,451,466,467,482,483,496,497,498,518,519,612,613,614,636,638,678,679,680,682,703,704,705,745,746,750,751,780,828,840,841,842,843,848,849,1024,1025,1026,1043,1044,1062,1063,1092,1093,1104,1130",,"1,2,8,139,140,155,195,196,247,248,268,284,285,286,295,298,299,300,301,423,424,454,455,456,457,512,515,555,556,557,581,624,625,708,709,710,715,716,719,720,721,722,818,819,820,891,990,1148,1150,1151,1154,1155,1156","41,43,69,71,91,162,260,261,269,270,275,302,303,449,450,451,496,521,840,841,842,843,848,849,882,883,884,1011,1014,1141","3,4,5,41,42,43,44,63,64,69,70,71,72,91,92,162,165,166,167,168,176,180,184,190,191,192,193,216,217,233,234,260,261,269,270,272,273,275,289,302,303,331,332,365,366,377,378,400,414,415,416,433,434,435,438,441,449,450,451,466,467,482,483,496,497,498,518,519,521,612,613,614,636,637,638,639,678,679,680,682,703,704,705,727,728,729,745,746,750,751,780,828,840,841,842,843,848,849,882,883,884,1001,1006,1011,1013,1014,1024,1025,1026,1043,1044,1062,1063,1092,1093,1104,1108,1109,1117,1130,1141","193,637,639,1026,1092,1093","3,4,5,41,42,43,44,63,64,69,70,71,72,91,92,162,165,166,167,168,176,180,184,190,191,192,193,216,217,233,234,260,261,269,270,272,273,275,289,302,303,331,332,365,366,377,378,400,414,415,416,433,434,435,438,441,449,450,451,466,467,482,483,496,497,498,518,519,521,612,613,614,636,637,638,639,678,679,680,682,703,704,705,727,728,729,745,746,750,751,780,828,840,841,842,843,848,849,882,883,884,1001,1006,1011,1013,1014,1024,1025,1026,1043,1044,1062,1063,1092,1093,1104,1108,1109,1117,1130,1132,1141","1,2,3,4,5,8,42,44,92,139,140,155,190,191,192,195,196,247,248,268,295,298,299,300,301,331,332,365,366,377,378,433,434,435,438,441,454,455,456,457,512,515,555,556,557,581,612,613,614,624,625,678,679,680,682,727,728,729,745,746,818,819,820,990,1104,1148,1150,1151,1154,1155,1156"
47,うたう,0,"45,46,141,210,283,341,376,377,448,875,1026,1109","45,46,141,210,283,341,376,377,448,875,1026,1109","45,46,141,210,283,341,376,377,448,875,1026,1109","45,46,141,210,283,341,376,377,448,875,1026",,"163,354,355,640,641,821,822,823","39,40,448","39,40,45,46,141,210,283,341,376,377,448,875,1026,1109",1026,"39,40,45,46,141,210,283,341,376,377,448,875,1026,1109","141,163,283,354,355,376,377,640,641,821,822,823"
48,ちょうおんぱ,0,"54,55,101,102,113,114,182,249,250,321,322,341,413,510,744,803,804,1068,1069,1083,1085,1098,1113","54,55,101,102,113,114,182,249,321,322,341,413,510,744,803,804,1068,1069,1083,1085,1098,1113","54,55,101,102,113,114,182,249,321,322,341,413,510,744,803,804,1068,1069,1083,1085,1098,1113","54,55,101,102,113,114,182,249,321,322,341,413,510,744,803,804,1068,1069,1083,1085,1098","249,250","85,86,206,207,299,300,301,372,373,824,825,826","199,229,517,803,804,1068,1069","54,55,101,102,113,114,182,199,229,249,250,321,322,341,413,439,510,517,744,803,804,1068,1069,1083,1085,1098,1113",,"54,55,101,102,113,114,182,199,229,249,250,321,322,341,413,439,510,517,744,803,804,1068,1069,1083,1085,1098,1113","54,55,85,86,101,102,206,207,249,299,300,301,372,373,413,439,510,824,825,826"
50,かなしばり,0,"45,46,54,55,65,66,97,98,99,100,109,110,111,112,115,119,120,210,236,237,275,323,345,374,378,396,404,473,490,857,879,991,1007,1055,1066,1067,1092,1109,1131","45,46,54,55,65,66,97,99,109,111,115,119,120,210,236,275,323,345,374,378,396,404,473,490,857,879,991,1055,1066,1067,1092,1109,1131","45,46,54,55,65,66,97,99,109,111,115,119,120,210,236,275,323,345,374,378,396,404,473,490,857,879,991,1055,1066,1067,1092,1109,1131","45,46,54,55,65,66,97,99,109,111,115,119,120,210,236,275,323,345,374,378,396,404,473,490,857,879,991,1055,1066,1067,1092,1131",,"107,144,766","41,43,115,203,275,323,398,399,404,481,525,790,857","41,42,43,44,45,46,54,55,65,66,97,98,99,100,109,110,111,112,115,119,120,203,210,236,237,275,323,345,374,378,396,398,399,404,473,481,490,525,790,857,879,991,1007,1055,1066,1067,1092,1109,1131","115,345,473,490,525,790,991,1007,1066,1067,1092","41,42,43,44,45,46,54,55,65,66,97,98,99,100,109,110,111,112,115,119,120,203,210,236,237,275,323,345,374,378,396,398,399,404,473,481,490,525,790,857,879,991,1007,1055,1066,1067,1092,1109,1131","42,44,54,55,98,100,107,110,112,144,236,378,766,879"
54,しろいきり,0,"176,182,231,232,321,322,326,376,377,470,507,508,544,662,683,800,919,977,979,1006,1083,1085,1127","182,231,321,322,326,376,377,470,507,508,662,683,800,977,979,1083,1085,1127","182,231,321,322,326,376,377,470,507,508,662,683,800,977,979,1083,1085","182,231,321,322,326,376,377,470,507,508,662,683,800,977,979,1083,1085",,"6,163,206,286,290","73,232,260,261,313,314,315,326,392,521","30,32,42,44,73,176,182,231,232,260,261,313,314,315,321,322,326,376,377,392,439,440,441,470,507,508,521,544,662,683,800,919,977,979,1006,1083,1085,1127",,"30,32,42,44,73,176,182,231,232,260,261,313,314,315,321,322,326,376,377,392,439,440,441,470,507,508,521,544,662,683,800,919,977,979,1006,1083,1085,1127","6,42,44,163,206,376,377,439,440,441,507,508,662,919"
74,せいちょう,0,"227,228,328,329,365,374,375,400,507,606,607,608,658,659,750,751,852,853,913,944,945,1045,1046,1047,1068,1069,1071,1072,1110,1126,1138,1144","227,228,328,329,365,374,375,400,507,606,607,658,659,750,751,852,853,944,945,1045,1046,1047,1068,1069,1071,1072,1110,1126","227,228,328,329,365,374,375,400,507,606,607,658,659,750,751,852,853,944,945,1045,1046,1047,1068,1069,1071,1072,1110","227,228,328,329,365,374,375,400,507,606,607,658,659,750,751,852,853,944,945,1045,1046,1047,1068,1069,1071,1072",,"0,1,2,49,50,51,128,129,218,552,553,554,604,605,863,1149","82,83,316,317,318,357,606,607,790,791,852,853,944,945,1068,1069,1138,1144","82,83,227,228,316,317,318,328,329,357,365,374,375,400,433,507,606,607,608,658,659,750,751,790,791,852,853,913,944,945,1045,1046,1047,1068,1069,1071,1072,1110,1126,1138,1144","790,791","82,83,227,228,316,317,318,328,329,357,365,374,375,400,433,507,606,607,608,658,659,750,751,790,791,852,853,913,944,945,1045,1046,1047,1068,1069,1071,1072,1110,1126,1138,1144","0,1,2,49,50,51,128,129,218,365,433,507,552,553,554,604,605,863,913,1149"
77,どくのこな,0,"54,55,223,224,225,328,329,658,742,744,1068,1069,1112,1126","54,55,223,224,225,328,329,658,742,744,1068,1069,1112,1126","54,55,223,224,225,328,329,658,742,744,1068,1069,1112","54,55,223,224,225,328,329,658,742,744,1068,1069",,"0,1,2,49,50,51,127,187,188,189,218,604,605","82,83,1068,1069","54,55,82,83,223,224,225,328,329,658,742,744,1068,1069,1112,1126",,"54,55,82,83,223,224,225,328,329,658,742,744,1068,1069,1112,1126","0,1,2,49,50,51,54,55,127,187,188,189,218,604,605"
81,いとをはく,0,"706,707,742,1033,1034","706,707,742,1033,1034","706,707,742,1033,1034","706,707,742,1033,1034",,"663,664","203,204,598,599,600,829,830,831","203,204,598,599,600,706,707,742,829,830,831,1033,1034",,"203,204,598,599,600,706,707,742,829,830,831,1033,1034","663,664"
92,どくどく,0,"54,55,100,109,110,111,112,115,116,117,119,120,231,232,234,237,244,249,250,255,269,270,328,329,359,360,379,464,482,483,490,501,502,638,658,659,770,771,785,787,846,847,856,857,952,953,1017,1018,1059,1064,1065,1068,1069,1086,1087,1090,1091,1103,1105,1118,1141,1142,1143","54,55,109,111,115,116,117,119,120,231,234,244,249,269,270,328,329,359,360,379,464,482,483,490,501,502,638,658,659,770,771,785,787,846,847,856,857,952,953,1059,1064,1065,1068,1069,1086,1087,1090,1091,1103,1105,1118","54,55,109,111,115,116,117,119,120,231,234,244,249,269,270,328,329,359,360,379,464,482,483,490,501,502,638,658,659,770,771,785,787,846,847,856,857,952,953,1059,1064,1065,1068,1069,1086,1087,1090,1091,1103,1105,1118","54,55,109,111,115,116,117,119,120,231,234,244,249,269,270,328,329,359,360,379,464,482,483,490,501,502,638,658,659,770,771,785,787,846,847,856,857,952,953,1059,1064,1065,1068,1069,1086,1087,1090,1091,1103,1105","249,250","0,1,2,49,50,51,85,86,218,1154,1155,1156","24,25,82,83,84,115,116,117,136,137,203,204,232,244,245,269,270,520,699,700,785,787,791,856,857,1068,1069,1090,1091,1105,1141,1142,1143","24,25,54,55,82,83,84,100,109,110,111,112,115,116,117,119,120,136,137,138,203,204,231,232,234,237,244,245,249,250,255,269,270,328,329,359,360,379,464,482,483,490,501,502,520,638,658,659,699,700,770,771,785,787,791,846,847,856,857,952,953,1017,1018,1059,1064,1065,1068,1069,1086,1087,1090,1091,1103,1105,1118,1141,1142,1143","115,116,117,490,791","24,25,54,55,82,83,84,100,109,110,111,112,115,116,117,119,120,136,137,138,203,204,231,232,234,237,244,245,249,250,255,269,270,328,329,359,360,379,464,482,483,490,501,502,520,638,658,659,699,700,770,771,785,787,791,846,847,856,857,952,953,1017,1018,1059,1064,1065,1068,1069,1086,1087,1090,1091,1103,1105,1118,1141,1142,1143","0,1,2,49,50,51,54,55,85,86,100,110,112,218,249,379,699,700,1154,1155,1156"
95,さいみんじゅつ,0,"60,61,65,115,116,117,119,120,177,275,323,324,325,473,484,485,490,523,642,643,644,730,868,869,1011,1075,1131","60,65,115,116,117,119,120,275,323,324,325,473,484,485,490,523,642,643,644,868,869,1075,1131","60,65,115,116,117,119,120,275,323,324,325,473,484,485,490,523,642,643,644,868,869,1075,1131","60,65,115,116,117,119,120,275,323,324,325,473,484,485,490,523,642,643,644,868,869,1075,1131",,"127,128,129,766,767,892","41,73,74,75,115,116,117,199,200,222,229,275,323,324,325,392,481,484,485,517,523,1011","41,42,60,61,65,73,74,75,115,116,117,119,120,177,199,200,222,229,275,323,324,325,392,473,481,484,485,490,517,523,642,643,644,730,868,869,1011,1075,1131","115,116,117,473,490,868,869","41,42,60,61,65,73,74,75,115,116,117,119,120,177,199,200,222,229,275,323,324,325,392,473,481,484,485,490,517,523,642,643,644,730,868,869,1011,1075,1131","42,127,128,129,642,643,644,730,766,767"
96,ヨガのポーズ,0,,,,,,,,,,,
97,こうそくいどう,0,"26,27,28,54,55,56,57,58,59,60,61,63,64,69,70,71,72,123,124,125,126,152,167,176,177,178,179,180,181,182,183,184,215,216,217,241,244,249,250,251,254,255,266,275,321,322,326,327,376,377,378,413,442,443,444,451,464,465,466,467,495,496,504,505,509,523,610,611,636,637,638,639,653,654,696,697,698,711,713,730,731,732,739,740,741,781,782,803,804,834,835,836,837,841,856,857,879,916,917,918,921,924,925,926,949,950,962,974,979,992,993,1004,1007,1011,1012,1015,1016,1017,1018,1019,1020,1021,1022,1023,1029,1035,1036,1037,1038,1039,1040,1041,1043,1044,1060,1061,1075,1076,1080,1081,1083,1085,1088,1094,1097,1104,1105,1115,1118,1131,1143","26,27,54,55,56,58,60,63,69,71,123,125,152,167,182,183,184,215,216,217,241,244,249,251,254,266,275,321,322,326,327,376,377,378,413,442,443,444,451,464,465,466,467,495,496,504,505,509,523,610,636,638,653,654,696,697,739,740,741,781,782,803,804,834,835,836,837,841,856,857,879,924,925,926,949,950,962,974,979,992,993,1021,1022,1023,1029,1035,1036,1037,1038,1039,1040,1041,1043,1044,1060,1061,1075,1076,1080,1081,1083,1085,1088,1094,1097,1104,1105,1115,1118,1131","26,27,54,55,56,58,60,63,69,71,123,125,152,167,182,183,184,215,216,217,241,244,249,251,254,266,275,321,322,326,327,376,377,378,413,442,443,444,451,464,465,466,467,495,496,504,505,509,523,610,636,638,653,654,696,697,739,740,741,781,782,803,804,834,835,836,837,841,856,857,879,924,925,926,949,950,962,974,979,992,993,1021,1022,1023,1029,1035,1036,1037,1038,1039,1040,1041,1043,1044,1060,1061,1075,1076,1080,1081,1083,1085,1088,1094,1097,1104,1105,1115,1118,1131","26,27,54,55,56,58,60,63,69,71,123,125,152,167,182,183,184,215,216,217,241,244,249,251,254,266,275,321,322,326,327,376,377,378,413,442,443,444,451,464,465,466,467,495,496,504,505,509,523,610,636,638,653,654,696,697,739,740,741,781,782,803,804,834,835,836,837,841,856,857,879,924,925,926,949,950,962,974,979,992,993,1021,1022,1023,1029,1035,1036,1037,1038,1039,1040,1041,1043,1044,1060,1061,1075,1076,1080,1081,1083,1085,1088,1094,1097,1104,1105,1131","124,126,249,250","105,106,134,144,145,169,196,206,207,268,271,274,278,284,285,286,293,294,295,296,297,298,354,355,373,418,419,423,424,429,522,580,581,663,664,891,892,1152,1153","26,27,29,31,41,43,69,71,198,199,200,203,204,226,244,245,254,275,326,327,442,443,444,451,465,472,495,496,509,520,523,600,610,611,688,689,803,804,831,834,835,836,837,839,841,856,857,948,949,950,962,983,1011,1015,1016,1040,1041,1105,1143","26,27,28,29,31,32,41,42,43,44,54,55,56,57,58,59,60,61,63,64,69,70,71,72,123,124,125,126,152,167,176,177,178,179,180,181,182,183,184,198,199,200,203,204,215,216,217,241,244,245,249,250,251,254,255,266,275,321,322,326,327,376,377,378,413,436,437,438,439,440,441,442,443,444,451,464,465,466,467,472,495,496,504,505,509,520,523,600,610,611,636,637,638,639,653,654,688,689,696,697,698,711,713,730,731,732,739,740,741,781,782,803,804,831,834,835,836,837,839,841,856,857,879,916,917,918,921,924,925,926,948,949,950,962,974,979,983,992,993,1004,1007,1011,1012,1015,1016,1017,1018,1019,1020,1021,1022,1023,1029,1035,1036,1037,1038,1039,1040,1041,1043,1044,1060,1061,1075,1076,1080,1081,1083,1085,1088,1094,1097,1104,1105,1115,1118,1131,1143","637,639,837,992,993,1007,1015,1016","26,27,28,29,31,32,41,42,43,44,54,55,56,57,58,59,60,61,63,64,69,70,71,72,123,124,125,126,152,167,176,177,178,179,180,181,182,183,184,198,199,200,203,204,215,216,217,241,244,245,249,250,251,254,255,266,275,321,322,326,327,376,377,378,413,436,437,438,439,440,441,442,443,444,451,464,465,466,467,472,495,496,504,505,509,520,523,600,610,611,636,637,638,639,653,654,688,689,696,697,698,711,713,730,731,732,739,740,741,781,782,803,804,831,834,835,836,837,839,841,856,857,879,916,917,918,921,924,925,926,948,949,950,962,974,979,983,992,993,1004,1007,1011,1012,1015,1016,1017,1018,1019,1020,1021,1022,1023,1029,1035,1036,1037,1038,1039,1040,1041,1043,1044,1060,1061,1075,1076,1080,1081,1083,1085,1088,1094,1097,1104,1105,1115,1118,1131,1132,1134,1143","29,31,42,44,54,55,57,59,105,106,134,144,145,152,169,196,206,207,241,249,251,268,271,274,278,293,294,295,296,297,298,354,355,373,376,377,378,413,418,419,436,437,438,439,440,441,504,505,522,580,581,653,654,663,664,696,697,730,731,732,739,740,741,834,835,836,837,879,916,917,918,921,1012,1104,1152,1153"
100,テレポート,0,"323,324,325,523","323,324,325,523","323,324,325,523","323,324,325,523",,"429,889,890,891,892","323,324,325,523","323,324,325,523",,"323,324,325,523",
102,ものまね,0,"45,46,221,486,878,1048","45,46,221,486,878,1048","45,46,221,486,878,1048","45,46,221,486,878,1048",,247,"221,486,878","45,46,221,486,878,1048",878,"45,46,221,486,878,1048",247
103,いやなおと,0,"54,60,61,62,63,64,65,66,67,68,101,102,109,110,111,112,123,124,125,126,234,235,238,244,254,255,287,288,289,379,396,397,448,482,483,495,496,509,510,558,706,707,803,804,879,913,914,915,926,952,953,967,1017,1035,1036,1068,1069,1086,1087,1102,1105,1113,1118,1119","54,60,63,65,66,67,68,101,102,109,111,123,125,234,235,238,244,254,287,288,289,379,396,397,448,482,483,495,496,509,510,706,707,803,804,879,926,952,953,1035,1036,1068,1069,1086,1087,1102,1105,1113,1118,1119","54,60,63,65,66,67,68,101,102,109,111,123,125,234,235,238,244,254,287,288,289,379,396,397,448,482,483,495,496,509,510,706,707,803,804,879,926,952,953,1035,1036,1068,1069,1086,1087,1102,1105,1113,1118,1119","54,60,63,65,66,67,68,101,102,109,111,123,125,234,235,238,244,254,287,288,289,379,396,397,448,482,483,495,496,509,510,706,707,803,804,879,926,952,953,1035,1036,1068,1069,1086,1087,1102,1105","124,126","85,86,154,194,195,196,280,293,294,295,299,300,301,372,373,454,455,456,514,580,663,664,824,825,826","24,25,67,68,175,226,229,244,245,254,448,472,494,495,496,509,517,520,598,803,804,882,883,884,1068,1069,1102,1105","24,25,54,60,61,62,63,64,65,66,67,68,88,101,102,109,110,111,112,123,124,125,126,175,229,234,235,238,244,245,254,255,287,288,289,379,396,397,448,472,482,483,494,495,496,509,510,517,520,558,598,706,707,803,804,879,882,883,884,913,914,915,926,952,953,967,1017,1035,1036,1068,1069,1086,1087,1102,1105,1113,1118,1119","238,1102","24,25,54,60,61,62,63,64,65,66,67,68,88,101,102,109,110,111,112,123,124,125,126,175,229,234,235,238,244,245,254,255,287,288,289,379,396,397,448,472,482,483,494,495,496,509,510,517,520,558,598,706,707,803,804,879,882,883,884,913,914,915,926,952,953,967,1017,1035,1036,1068,1069,1086,1087,1102,1105,1113,1118,1119,1132","54,85,86,88,101,102,110,112,154,194,195,196,280,293,294,295,299,300,301,372,373,379,454,455,456,510,514,558,580,663,664,824,825,826,879,913,914,915"
104,かげぶんしん,0,"26,27,28,152,177,251,323,324,325,404,405,442,443,444,523,526,527,544,733,734,735,770,771,803,804,814,840,841,842,843,878,919,991,1012,1023,1094,1131","26,27,152,251,323,324,325,404,405,442,443,444,523,526,527,770,771,803,804,840,841,842,843,878,991,1023,1094,1131","26,27,152,251,323,324,325,404,405,442,443,444,523,526,527,770,771,803,804,840,841,842,843,878,991,1023,1094,1131","26,27,152,251,323,324,325,404,405,442,443,444,523,526,527,770,771,803,804,840,841,842,843,878,991,1023,1094,1131",,"293,294,295,429,663","26,27,229,323,324,325,356,404,405,442,443,444,517,523,526,803,804,840,841,842,843,878","26,27,28,152,177,229,251,323,324,325,356,404,405,442,443,444,517,523,526,527,544,733,734,735,770,771,803,804,814,840,841,842,843,878,919,991,1012,1023,1094,1131","526,527,878,991","26,27,28,152,177,229,251,323,324,325,356,404,405,442,443,444,517,523,526,527,544,733,734,735,770,771,803,804,814,840,841,842,843,878,919,991,1012,1023,1094,1131","152,251,293,294,295,527,663,733,734,735,814,919,1012"
105,じこさいせい,0,"177,231,345,350,351,470,471,683,800,801,802,846,847,945,975,1052,1053,1054,1073,1097,1125,1127,1138","231,345,350,351,470,471,683,800,801,846,847,945,975,1052,1053,1054,1073,1097,1125,1127","231,345,350,351,470,471,683,800,801,846,847,945,975,1052,1053,1054,1073,1097,1125","231,345,350,351,470,471,683,800,801,846,847,945,975,1052,1053,1054,1073,1097,1125",,"169,274,290,291,423,424,429,522,645,646,647,972,973,1149","258,259,393,481,945,1138","177,231,258,259,345,350,351,393,470,471,481,683,800,801,802,846,847,945,975,1052,1053,1054,1073,1097,1125,1127,1138","345,1125","177,231,258,259,345,350,351,393,470,471,481,683,800,801,802,846,847,945,975,1052,1053,1054,1073,1097,1125,1127,1138","169,274,522,645,646,647,972,973,1073,1149"
106,かたくなる,0,"109,110,111,112,249,250,253,470,471,486,706,743,783,800,801,802,868,869,1018,1052,1053,1054,1070,1089,1090,1091,1099,1100,1101","109,111,249,253,470,471,486,706,743,800,801,868,869,1052,1053,1054,1070,1089,1090,1091,1099,1100,1101","109,111,249,253,470,471,486,706,743,800,801,868,869,1052,1053,1054,1070,1089,1090,1091,1099,1100,1101","109,111,249,253,470,471,486,706,743,800,801,868,869,1052,1053,1054,1070,1089,1090,1091,1099,1100,1101","249,250",,"245,253,258,259,316,317,318,342,384,385,486,520,783,829,1014,1089,1090,1091","109,110,111,112,245,249,250,253,258,259,316,317,318,342,384,385,470,471,486,520,706,743,783,800,801,802,829,868,869,1014,1018,1052,1053,1054,1070,1089,1090,1091,1099,1100,1101","868,869","109,110,111,112,245,249,250,253,258,259,316,317,318,342,384,385,470,471,486,520,706,743,783,800,801,802,829,868,869,1014,1018,1052,1053,1054,1070,1089,1090,1091,1099,1100,1101","110,112,249"
107,ちいさくなる,0,"109,110,111,112,249,250,473,474,946,947,1018","109,111,249,473,474,946,947","109,111,249,473,474,946,947","109,111,249,473,474,946,947","249,250",,"675,676,677","109,110,111,112,249,250,473,474,675,676,677,946,947,1018","473,474,675,676,677","109,110,111,112,249,250,473,474,675,676,677,946,947,1018","110,112,249"
108,えんまく,0,"3,4,5,190,191,192,193,367,482,483,490,733,734,735,770,771,940,941,942","367,482,483,490,770,771,940,941,942","367,482,483,490,770,771,940,941,942","367,482,483,490,770,771,940,941,942",,"144,145,155,271,281,285,515","136,137,258","3,4,5,136,137,138,190,191,192,193,258,367,482,483,490,733,734,735,770,771,940,941,942","193,490","3,4,5,136,137,138,190,191,192,193,258,367,482,483,490,733,734,735,770,771,940,941,942","3,4,5,144,145,155,190,191,192,271,281,367,515,733,734,735"
109,あやしいひかり,0,"54,55,61,64,65,66,101,102,109,111,115,116,117,120,193,215,216,217,233,234,235,238,241,275,323,324,325,345,368,369,396,397,449,450,451,464,477,478,484,485,490,504,505,510,523,526,527,533,534,544,636,637,638,639,672,683,698,732,744,814,815,816,817,868,869,878,958,959,991,992,993,1007,1011,1015,1016,1055,1056,1057,1058,1059,1066,1067,1068,1069,1074,1075,1076,1090,1091,1092,1093,1104,1110,1111,1118,1124,1125,1129,1131,1142","54,55,65,66,101,102,109,111,115,116,117,120,215,216,217,233,234,235,238,241,275,323,324,325,345,368,369,396,397,449,450,451,464,477,478,484,485,490,504,505,510,523,526,527,636,638,672,683,744,868,869,878,958,959,991,992,993,1055,1056,1057,1058,1059,1066,1067,1068,1069,1074,1075,1076,1090,1091,1092,1093,1104,1110,1111,1118,1124,1125,1129,1131","54,55,65,66,101,102,109,111,115,116,117,120,215,216,217,233,234,235,238,241,275,323,324,325,345,368,369,396,397,449,450,451,464,477,478,484,485,490,504,505,510,523,526,527,636,638,672,683,744,868,869,878,958,959,991,992,993,1055,1056,1057,1058,1059,1066,1067,1068,1069,1074,1075,1076,1090,1091,1092,1093,1104,1110,1111,1118,1124,1125,1131","54,55,65,66,101,102,109,111,115,116,117,120,215,216,217,233,234,235,238,241,275,323,324,325,345,368,369,396,397,449,450,451,464,477,478,484,485,490,504,505,510,523,526,527,636,638,672,683,744,868,869,878,958,959,991,992,993,1055,1056,1057,1058,1059,1066,1067,1068,1069,1074,1075,1076,1090,1091,1092,1093,1104,1124,1125,1131",,"85,86,155,163,206,207,281,515,645,646,647,691,692,874,892","41,43,115,116,117,199,200,275,318,323,324,325,356,357,368,369,392,393,398,399,449,450,451,484,485,523,525,526,672,675,676,677,790,791,878,1011,1015,1016,1068,1069,1090,1091,1142","41,42,43,44,54,55,61,64,65,66,101,102,109,111,115,116,117,120,193,199,200,215,216,217,233,234,235,238,241,275,318,323,324,325,345,356,357,368,369,392,393,396,397,398,399,449,450,451,464,477,478,484,485,490,504,505,510,523,525,526,527,533,534,544,636,637,638,639,672,675,676,677,683,698,732,744,790,791,814,815,816,817,868,869,878,958,959,991,992,993,1007,1011,1015,1016,1055,1056,1057,1058,1059,1066,1067,1068,1069,1074,1075,1076,1090,1091,1092,1093,1104,1110,1111,1118,1124,1125,1129,1131,1142","115,116,117,193,238,345,490,525,526,527,637,639,675,676,677,790,791,816,868,869,878,958,959,991,992,993,1007,1015,1016,1057,1066,1067,1092,1093,1111,1124,1125","41,42,43,44,54,55,61,64,65,66,101,102,109,111,115,116,117,120,193,199,200,215,216,217,233,234,235,238,241,275,318,323,324,325,345,356,357,368,369,392,393,396,397,398,399,449,450,451,464,477,478,484,485,490,504,505,510,523,525,526,527,533,534,544,636,637,638,639,672,675,676,677,683,698,732,744,790,791,814,815,816,817,868,869,878,958,959,991,992,993,1007,1011,1015,1016,1055,1056,1057,1058,1059,1066,1067,1068,1069,1074,1075,1076,1090,1091,1092,1093,1104,1110,1111,1118,1124,1125,1129,1131,1134,1142","42,44,54,55,85,86,101,102,155,163,206,207,241,281,504,505,510,515,527,645,646,647,672,691,692,732,814,815,816,874,958,959,1074,1104"
110,からにこもる,0,"99,100,113,114,367,943,944,945,958,959,1138,1139,1140","99,113,114,367,943,944,945,958,959","99,113,114,367,943,944,945,958,959","99,113,114,367,943,944,945,958,959",,"6,7,8,1149,1154,1155,1156","943,944,945,1138,1139,1140","99,100,113,114,367,433,434,435,943,944,945,958,959,1138,1139,1140","958,959,1139,1140","99,100,113,114,367,433,434,435,943,944,945,958,959,1138,1139,1140","6,7,8,100,367,433,434,435,958,959,1149,1154,1155,1156"
111,まるくなる,0,"45,46,141,190,191,192,193,210,219,220,244,272,273,283,365,414,465,486,488,658,750,875,922,943,984,1066,1067,1073,1074,1105,1108,1114","45,46,141,210,219,220,244,272,273,283,365,414,465,486,488,658,750,875,922,943,984,1066,1067,1073,1074,1105,1108,1114","45,46,141,210,219,220,244,272,273,283,365,414,465,486,488,658,750,875,922,943,984,1066,1067,1073,1074,1105,1108,1114","45,46,141,210,219,220,244,272,273,283,365,414,465,486,488,658,750,875,922,943,984,1066,1067,1073,1074,1105",,"274,522,555,556,557,691,692,874","29,31,39,40,87,89,91,175,197,198,244,465,486,494,922,943,1105","29,30,31,32,39,40,45,46,87,88,89,90,91,92,141,175,190,191,192,193,197,198,210,219,220,244,272,273,283,365,414,465,486,488,494,658,750,875,922,943,984,1066,1067,1073,1074,1105,1108,1114","193,1066,1067","29,30,31,32,39,40,45,46,87,88,89,90,91,92,141,175,190,191,192,193,197,198,210,219,220,244,272,273,283,365,414,465,486,488,494,658,750,875,922,943,984,1066,1067,1073,1074,1105,1108,1114","29,31,88,90,92,141,190,191,192,274,283,365,488,522,555,556,557,691,692,874,1073,1074"
112,バリアー,0,,,,,,,,,,,
113,ひかりのかべ,0,"26,27,28,45,46,65,66,97,98,99,100,101,102,114,119,120,123,125,141,152,167,176,177,178,179,182,183,184,208,210,215,216,217,219,220,223,224,225,227,228,233,234,236,237,241,242,243,251,275,283,323,324,325,341,345,350,351,368,369,404,405,449,450,451,465,484,485,488,510,523,526,527,533,534,535,544,607,642,643,644,653,654,662,671,672,683,706,707,730,731,732,744,747,748,749,780,782,783,789,814,815,816,817,860,861,862,864,878,879,919,920,921,926,945,959,960,961,962,963,964,965,977,982,992,993,1004,1005,1011,1012,1047,1056,1057,1058,1059,1068,1069,1074,1075,1076,1077,1078,1079,1090,1091,1104,1109,1113,1118,1124,1125,1126,1129,1131,1142,1143","26,27,45,46,65,66,97,99,101,102,114,119,120,123,125,141,152,167,182,183,184,208,210,215,216,217,219,220,223,224,225,227,228,233,234,236,241,242,243,251,275,283,323,324,325,341,345,350,351,368,369,404,405,449,450,451,465,484,485,488,510,523,526,527,607,642,643,644,653,654,662,671,672,683,706,707,744,747,748,749,780,782,789,860,861,862,864,878,879,926,945,959,960,961,962,963,964,965,977,982,992,993,1047,1056,1057,1058,1059,1068,1069,1074,1075,1076,1077,1078,1079,1090,1091,1104,1109,1113,1118,1124,1125,1126,1129,1131","26,27,45,46,65,66,97,99,101,102,114,119,120,123,125,141,152,167,182,183,184,208,210,215,216,217,219,220,223,224,225,227,228,233,234,236,241,242,243,251,275,283,323,324,325,341,345,350,351,368,369,404,405,449,450,451,465,484,485,488,510,523,526,527,607,642,643,644,653,654,662,671,672,683,706,707,744,747,748,749,780,782,789,860,861,862,864,878,879,926,945,959,960,961,962,963,964,965,977,982,992,993,1047,1056,1057,1058,1059,1068,1069,1074,1075,1076,1077,1078,1079,1090,1091,1104,1109,1113,1118,1124,1125,1131","26,27,45,46,65,66,97,99,101,102,114,119,120,123,125,141,152,167,182,183,184,208,210,215,216,217,219,220,223,224,225,227,228,233,234,236,241,242,243,251,275,283,323,324,325,341,345,350,351,368,369,404,405,449,450,451,465,484,485,488,510,523,526,527,607,642,643,644,653,654,662,671,672,683,706,707,744,747,748,749,780,782,789,860,861,862,864,878,879,926,945,959,960,961,962,963,964,965,977,982,992,993,1047,1056,1057,1058,1059,1068,1069,1074,1075,1076,1077,1078,1079,1090,1091,1104,1124,1125,1131",,"127,128,129,154,187,188,189,280,284,290,291,354,355,418,419,423,424,429,514,552,553,554,580,581,605,641,645,646,647,663,664,710,715,716,719,720,721,755,756,757,766,767,823,863,874,891,892,900,973,990,1148","26,27,39,40,208,258,259,275,323,324,325,356,357,368,369,392,393,401,404,405,449,450,451,465,481,484,485,523,526,599,600,607,671,672,783,829,830,831,838,839,878,945,960,961,962,963,964,965,982,1011,1068,1069,1090,1091,1142,1143","26,27,28,39,40,45,46,65,66,97,98,99,100,101,102,114,119,120,123,125,141,152,167,176,177,178,179,182,183,184,208,210,215,216,217,219,220,223,224,225,227,228,233,234,236,237,241,242,243,251,258,259,275,283,323,324,325,341,345,350,351,356,357,368,369,392,393,401,404,405,433,434,435,449,450,451,465,481,484,485,488,510,523,526,527,533,534,535,544,599,600,607,642,643,644,653,654,662,671,672,683,706,707,730,731,732,744,747,748,749,780,782,783,789,814,815,816,817,829,830,831,838,839,860,861,862,864,878,879,919,920,921,926,945,959,960,961,962,963,964,965,977,982,992,993,1004,1005,1011,1012,1047,1056,1057,1058,1059,1068,1069,1074,1075,1076,1077,1078,1079,1090,1091,1104,1109,1113,1118,1124,1125,1126,1129,1131,1142,1143","345,526,527,816,878,959,992,993,1057,1124,1125","26,27,28,39,40,45,46,65,66,97,98,99,100,101,102,114,119,120,123,125,141,152,167,176,177,178,179,182,183,184,208,210,215,216,217,219,220,223,224,225,227,228,233,234,236,237,241,242,243,251,258,259,275,283,323,324,325,341,345,350,351,356,357,368,369,392,393,401,404,405,433,434,435,449,450,451,465,481,484,485,488,510,523,526,527,533,534,535,544,599,600,607,642,643,644,653,654,662,671,672,683,706,707,730,731,732,744,747,748,749,780,782,783,789,814,815,816,817,829,830,831,838,839,860,861,862,864,878,879,919,920,921,926,945,959,960,961,962,963,964,965,977,982,992,993,1004,1005,1011,1012,1047,1056,1057,1058,1059,1068,1069,1074,1075,1076,1077,1078,1079,1090,1091,1104,1109,1113,1118,1124,1125,1126,1129,1131,1134,1142,1143","98,100,101,102,127,128,129,141,152,154,187,188,189,236,241,251,280,283,354,355,418,419,433,434,435,488,510,514,527,552,553,554,580,581,605,641,642,643,644,645,646,647,653,654,662,663,664,671,672,730,731,732,755,756,757,766,767,814,815,816,823,863,874,879,919,920,921,959,973,990,1012,1074,1104,1148"
115,リフレクター,0,"26,27,28,45,46,101,102,119,120,124,126,176,177,208,210,215,216,217,223,224,225,233,234,236,241,242,243,275,323,324,325,345,350,351,368,369,484,485,510,523,526,527,533,534,535,544,642,643,644,683,705,727,728,729,732,780,783,789,860,861,862,864,879,919,920,921,926,940,941,942,945,959,960,961,962,963,964,965,977,979,982,992,993,1004,1005,1011,1047,1056,1057,1058,1059,1068,1069,1074,1075,1076,1077,1078,1079,1090,1091,1104,1109,1113,1124,1125,1126,1129,1131,1138,1139,1140","26,27,45,46,101,102,119,120,208,210,215,216,217,223,224,225,233,234,236,241,242,243,275,323,324,325,345,350,351,368,369,484,485,510,523,526,527,642,643,644,683,705,780,789,860,861,862,864,879,926,940,941,942,945,959,960,961,962,963,964,965,977,979,982,992,993,1047,1056,1057,1058,1059,1068,1069,1074,1075,1076,1077,1078,1079,1090,1091,1104,1109,1113,1124,1125,1126,1129,1131","26,27,45,46,101,102,119,120,208,210,215,216,217,223,224,225,233,234,236,241,242,243,275,323,324,325,345,350,351,368,369,484,485,510,523,526,527,642,643,644,683,705,780,789,860,861,862,864,879,926,940,941,942,945,959,960,961,962,963,964,965,977,979,982,992,993,1047,1056,1057,1058,1059,1068,1069,1074,1075,1076,1077,1078,1079,1090,1091,1104,1109,1113,1124,1125,1131","26,27,45,46,101,102,119,120,208,210,215,216,217,223,224,225,233,234,236,241,242,243,275,323,324,325,345,350,351,368,369,484,485,510,523,526,527,642,643,644,683,705,780,789,860,861,862,864,879,926,940,941,942,945,959,960,961,962,963,964,965,977,979,982,992,993,1047,1056,1057,1058,1059,1068,1069,1074,1075,1076,1077,1078,1079,1090,1091,1104,1124,1125,1131","124,126","127,128,129,163,187,188,189,284,290,291,418,419,423,424,429,457,514,552,553,554,645,646,647,691,692,708,709,710,715,716,719,720,721,722,755,756,757,766,767,823,851,874,891,892,900,990,1148,1149","26,27,39,40,82,83,84,199,200,208,258,259,275,323,324,325,368,369,401,481,484,485,521,523,526,600,783,790,791,838,839,945,960,961,962,963,964,965,982,1011,1068,1069,1090,1091,1138,1139,1140","26,27,28,39,40,45,46,82,83,84,101,102,119,120,124,126,176,177,199,200,208,210,215,216,217,223,224,225,233,234,236,241,242,243,258,259,275,323,324,325,345,350,351,368,369,401,433,434,435,481,484,485,510,521,523,526,527,533,534,535,544,600,642,643,644,683,705,727,728,729,732,780,783,789,790,791,838,839,860,861,862,864,879,919,920,921,926,940,941,942,945,959,960,961,962,963,964,965,977,979,982,992,993,1004,1005,1011,1047,1056,1057,1058,1059,1068,1069,1074,1075,1076,1077,1078,1079,1090,1091,1104,1109,1113,1124,1125,1126,1129,1131,1138,1139,1140","345,526,527,790,791,959,992,993,1057,1124,1125,1139,1140","26,27,28,39,40,45,46,82,83,84,101,102,119,120,124,126,176,177,199,200,208,210,215,216,217,223,224,225,233,234,236,241,242,243,258,259,275,323,324,325,345,350,351,368,369,401,433,434,435,481,484,485,510,521,523,526,527,533,534,535,544,600,642,643,644,683,705,727,728,729,732,780,783,789,790,791,838,839,860,861,862,864,879,919,920,921,926,940,941,942,945,959,960,961,962,963,964,965,977,979,982,992,993,1004,1005,1011,1047,1056,1057,1058,1059,1068,1069,1074,1075,1076,1077,1078,1079,1090,1091,1104,1109,1113,1124,1125,1126,1129,1131,1134,1138,1139,1140","101,102,127,128,129,163,187,188,189,236,241,418,419,433,434,435,457,510,514,527,552,553,554,642,643,644,645,646,647,691,692,727,728,729,732,755,756,757,766,767,823,851,874,879,919,920,921,959,990,1074,1104,1148,1149"
116,きあいだめ,0,"67,68,152,179,251,272,287,331,339,340,365,366,414,415,416,448,473,474,482,483,558,559,560,561,678,679,680,703,704,705,865,949,950,974,1000,1001,1002,1005,1012,1027,1028,1029,1083,1085,1094,1097,1102,1116,1117,1120,1121,1122,1130,1144","67,68,152,251,272,287,331,339,340,365,366,414,415,416,448,473,474,482,483,678,679,680,703,704,705,865,949,950,974,1027,1028,1029,1083,1085,1094,1097,1102,1116,1117,1120,1121,1122,1130","67,68,152,251,272,287,331,339,340,365,366,414,415,416,448,473,474,482,483,678,679,680,703,704,705,865,949,950,974,1027,1028,1029,1083,1085,1094,1097,1102,1116,1117,1120,1121,1122,1130","67,68,152,251,272,287,331,339,340,365,366,414,415,416,448,473,474,482,483,678,679,680,703,704,705,865,949,950,974,1027,1028,1029,1083,1085,1094,1097,1102,1120,1121,1122,1130",,"133,134,144,145,271,277,278,296,297,298,454,455,456,990,1148","67,68,197,204,448,590,591,592,949,950,1102,1144","67,68,152,179,197,204,251,272,287,331,339,340,365,366,414,415,416,436,448,473,474,482,483,558,559,560,561,590,591,592,678,679,680,703,704,705,865,949,950,974,1000,1001,1002,1005,1012,1027,1028,1029,1083,1085,1094,1097,1102,1116,1117,1120,1121,1122,1130,1144","473,474,1102","67,68,152,179,197,204,251,272,287,331,339,340,365,366,414,415,416,436,448,473,474,482,483,558,559,560,561,590,591,592,678,679,680,703,704,705,865,949,950,974,1000,1001,1002,1005,1012,1027,1028,1029,1083,1085,1094,1097,1102,1116,1117,1120,1121,1122,1130,1144","133,134,144,145,152,251,271,277,278,296,297,298,331,365,366,436,454,455,456,558,559,560,678,679,680,990,1012,1148"
118,ゆびをふる,0,"45,46,62,65,66,67,68,99,100,109,110,111,112,116,117,119,120,141,184,219,220,236,237,256,257,283,323,324,325,330,331,332,339,340,345,350,351,360,369,396,397,467,488,496,509,523,533,534,535,608,643,644,711,732,748,749,921,952,953,958,959,960,961,962,963,964,965,967,981,982,1013,1039,1047,1064,1065,1077,1078,1079,1102,1109,1116,1131,1142","45,46,65,66,67,68,99,109,111,116,117,119,120,141,184,219,220,236,256,257,283,323,324,325,330,331,332,339,340,345,350,351,360,369,396,397,467,488,496,509,523,643,644,748,749,952,953,958,959,960,961,962,963,964,965,981,982,1039,1047,1064,1065,1077,1078,1079,1102,1109,1116,1131","45,46,65,66,67,68,99,109,111,116,117,119,120,141,184,219,220,236,256,257,283,323,324,325,330,331,332,339,340,345,350,351,360,369,396,397,467,488,496,509,523,643,644,748,749,952,953,958,959,960,961,962,963,964,965,981,982,1039,1047,1064,1065,1077,1078,1079,1102,1109,1116,1131","45,46,65,66,67,68,99,109,111,116,117,119,120,141,184,219,220,236,256,257,283,323,324,325,330,331,332,339,340,345,350,351,360,369,396,397,467,488,496,509,523,643,644,748,749,952,953,958,959,960,961,962,963,964,965,981,982,1039,1047,1064,1065,1077,1078,1079,1102,1131",,"133,134,154,155,247,248,514,515,625,973","39,40,67,68,74,75,87,89,91,116,117,175,222,226,314,315,323,324,325,356,357,369,399,472,494,496,509,523,525,960,961,962,963,964,965,981,982,1102,1142","39,40,45,46,62,65,66,67,68,74,75,87,89,90,91,92,99,100,109,110,111,112,116,117,119,120,141,175,184,219,220,222,236,237,256,257,283,314,315,323,324,325,330,331,332,339,340,345,350,351,356,357,360,369,396,397,399,436,437,438,467,472,488,494,496,509,523,525,533,534,535,608,643,644,711,732,748,749,921,952,953,958,959,960,961,962,963,964,965,967,981,982,1013,1039,1047,1064,1065,1077,1078,1079,1102,1109,1116,1131,1142","116,117,345,525,958,959,1102","39,40,45,46,62,65,66,67,68,74,75,87,89,90,91,92,99,100,109,110,111,112,116,117,119,120,141,175,184,219,220,222,236,237,256,257,283,314,315,323,324,325,330,331,332,339,340,345,350,351,356,357,360,369,396,397,399,436,437,438,467,472,488,494,496,509,523,525,533,534,535,608,643,644,711,732,748,749,921,952,953,958,959,960,961,962,963,964,965,967,981,982,1013,1039,1047,1064,1065,1077,1078,1079,1102,1109,1116,1131,1142","90,92,100,110,112,133,134,141,154,155,236,247,248,283,330,331,332,436,437,438,488,514,515,625,643,644,732,921,958,959,973"
119,オウムがえし,0,,,,,,,,,,,
133,ドわすれ,0,"45,46,60,61,62,63,64,65,66,97,98,99,100,219,220,231,232,236,237,241,244,330,331,332,359,360,365,366,367,368,369,382,383,470,471,473,474,497,498,533,706,707,832,833,868,869,922,923,945,967,979,1095,1096,1103,1104,1105,1109","45,46,60,63,65,66,97,99,219,220,231,236,241,244,330,331,332,359,360,365,366,367,368,369,382,383,470,471,473,474,497,498,706,707,832,833,868,869,922,923,945,979,1095,1096,1103,1104,1105,1109","45,46,60,63,65,66,97,99,219,220,231,236,241,244,330,331,332,359,360,365,366,367,368,369,382,383,470,471,473,474,497,498,706,707,832,833,868,869,922,923,945,979,1095,1096,1103,1104,1105,1109","45,46,60,63,65,66,97,99,219,220,231,236,241,244,330,331,332,359,360,365,366,367,368,369,382,383,470,471,473,474,497,498,706,707,832,833,868,869,922,923,945,979,1095,1096,1103,1104,1105",,"2,206,207,299,300,301,429,624,625,821,822,823,863","29,31,39,40,73,74,75,175,197,198,199,200,222,232,244,258,259,260,261,315,316,317,318,368,369,382,383,494,521,922,923,945,948,1105","29,30,31,32,39,40,45,46,60,61,62,63,64,65,66,73,74,75,97,98,99,100,175,197,198,199,200,219,220,222,231,232,236,237,241,244,258,259,260,261,315,316,317,318,330,331,332,359,360,365,366,367,368,369,382,383,433,434,435,470,471,473,474,494,497,498,521,533,706,707,832,833,868,869,922,923,945,948,967,979,1095,1096,1103,1104,1105,1109","473,474,868,869","29,30,31,32,39,40,45,46,60,61,62,63,64,65,66,73,74,75,97,98,99,100,175,197,198,199,200,219,220,222,231,232,236,237,241,244,258,259,260,261,315,316,317,318,330,331,332,359,360,365,366,367,368,369,382,383,433,434,435,470,471,473,474,494,497,498,521,533,706,707,832,833,868,869,922,923,945,948,967,979,1095,1096,1103,1104,1105,1109","2,29,31,98,100,206,207,236,241,299,300,301,330,331,332,365,366,367,433,434,435,624,625,821,822,823,832,833,863,1104"
134,スプーンまげ,0,,,,,,,,,,,
135,タマゴうみ,0,"141,283","141,283","141,283","141,283",,,,"141,283",,"141,283","141,283"
137,へびにらみ,0,"244,379,946,947,1105","244,379,946,947,1105","244,379,946,947,1105","244,379,946,947,1105",,552,"24,25,244,1105","24,25,244,379,946,947,1105",,"24,25,244,379,946,947,1105","379,552"
139,どくガス,0,"109,110,111,112,119,120,359,360,482,483,856,857,1086,1087,1143","109,111,119,120,359,360,482,483,856,857,1086,1087","109,111,119,120,359,360,482,483,856,857,1086,1087","109,111,119,120,359,360,482,483,856,857,1086,1087",,,"136,137,856,857,1143","109,110,111,112,119,120,136,137,138,359,360,482,483,856,857,1086,1087,1143",,"109,110,111,112,119,120,136,137,138,359,360,482,483,856,857,1086,1087,1143","110,112"
142,あくまのキッス,0,,,,,,,,,,,
144,へんしん,0,164,164,164,164,,,,164,,164,
148,フラッシュ,0,,,,,,,,,,,
150,はねる,0,"161,162,223,224,225,266,341,368,369,413,772,773,860,861,862,878,1099,1100,1101","161,162,223,224,225,266,341,368,369,413,772,773,860,861,862,878,1099,1100,1101","161,162,223,224,225,266,341,368,369,413,772,773,860,861,862,878,1099,1100,1101","161,162,223,224,225,266,341,368,369,413,772,773,860,861,862,878,1099,1100,1101",,"144,889","39,40,73,161,162,368,369,392,393,878","39,40,73,161,162,223,224,225,266,341,368,369,392,393,413,772,773,860,861,862,878,1099,1100,1101",878,"39,40,73,161,162,223,224,225,266,341,368,369,392,393,413,772,773,860,861,862,878,1099,1100,1101","144,413"
156,ねむる,0,"3,4,5,26,27,28,45,46,54,55,56,57,58,59,60,61,62,63,64,65,66,67,68,69,70,71,72,97,98,99,100,101,102,109,110,111,112,113,114,115,116,117,119,120,123,124,125,126,141,152,157,158,159,160,162,165,166,167,168,176,177,178,179,180,181,182,183,184,190,191,192,193,208,210,215,216,217,219,220,221,223,224,225,227,228,231,232,233,234,235,236,237,238,241,242,243,244,249,250,251,253,254,255,256,257,266,269,270,272,273,275,283,287,288,289,321,322,323,324,325,326,327,328,329,330,331,332,339,340,341,345,350,351,359,360,365,366,367,368,369,374,375,376,377,378,379,382,383,396,397,400,404,405,413,414,415,416,442,443,444,448,449,450,451,464,465,466,467,470,471,473,474,477,478,482,483,484,485,486,488,490,491,492,493,495,496,497,498,501,502,504,505,507,508,509,510,518,519,523,526,527,533,534,535,540,544,558,559,560,561,606,607,608,610,611,612,613,614,636,637,638,639,642,643,644,653,654,658,659,662,671,672,678,679,680,681,682,683,693,694,696,697,698,703,704,705,706,707,711,713,717,727,728,729,730,731,732,733,734,735,739,740,741,744,745,746,747,748,749,750,751,770,771,772,773,780,781,782,783,784,785,786,787,788,789,800,801,802,803,804,814,815,816,817,827,828,832,833,834,835,836,837,840,841,842,843,846,847,848,849,852,853,856,857,860,861,862,864,865,868,869,878,879,913,914,915,916,917,918,919,920,921,922,923,924,925,926,936,937,940,941,942,944,945,946,947,949,950,951,952,953,958,959,960,961,962,963,964,965,967,974,975,976,977,978,979,981,982,984,985,991,992,993,1000,1001,1002,1004,1005,1006,1007,1011,1012,1013,1015,1016,1017,1018,1019,1020,1021,1022,1023,1024,1025,1026,1027,1028,1029,1030,1031,1032,1033,1034,1035,1036,1037,1038,1039,1040,1041,1043,1044,1045,1046,1047,1048,1052,1053,1054,1055,1056,1057,1058,1059,1060,1061,1062,1063,1064,1065,1066,1067,1068,1069,1070,1071,1072,1073,1074,1075,1076,1077,1078,1079,1080,1081,1082,1083,1085,1086,1087,1088,1089,1090,1091,1092,1093,1094,1095,1096,1097,1098,1099,1100,1101,1102,1103,1104,1105,1107,1108,1109,1110,1111,1112,1113,1114,1115,1116,1117,1118,1119,1120,1121,1122,1124,1125,1126,1127,1128,1129,1130,1131,1138,1139,1140,1141,1142,1143,1144","26,27,45,46,54,55,56,58,60,63,65,66,67,68,69,71,97,99,101,102,109,111,113,114,115,116,117,119,120,123,125,141,152,157,158,159,160,162,165,166,167,168,182,183,184,208,210,215,216,217,219,220,221,223,224,225,227,228,231,233,234,235,236,238,241,242,243,244,249,251,253,254,256,257,266,269,270,272,273,275,283,287,288,289,321,322,323,324,325,326,327,328,329,330,331,332,339,340,341,345,350,351,359,360,365,366,367,368,369,374,375,376,377,378,379,382,383,396,397,400,404,405,413,414,415,416,442,443,444,448,449,450,451,464,465,466,467,470,471,473,474,477,478,482,483,484,485,486,488,490,491,492,493,495,496,497,498,501,502,504,505,507,508,509,510,518,519,523,526,527,606,607,610,612,613,614,636,638,642,643,644,653,654,658,659,662,671,672,678,679,680,681,682,683,693,694,696,697,703,704,705,706,707,739,740,741,744,745,746,747,748,749,750,751,770,771,772,773,780,781,782,784,785,787,789,800,801,803,804,827,828,832,833,834,835,836,837,840,841,842,843,846,847,848,849,852,853,856,857,860,861,862,864,865,868,869,878,879,922,923,924,925,926,936,937,940,941,942,944,945,946,947,949,950,951,952,953,958,959,960,961,962,963,964,965,974,975,976,977,978,979,981,982,984,985,991,992,993,1021,1022,1023,1024,1025,1026,1027,1028,1029,1030,1031,1032,1033,1034,1035,1036,1037,1038,1039,1040,1041,1043,1044,1045,1046,1047,1048,1052,1053,1054,1055,1056,1057,1058,1059,1060,1061,1062,1063,1064,1065,1066,1067,1068,1069,1070,1071,1072,1073,1074,1075,1076,1077,1078,1079,1080,1081,1082,1083,1085,1086,1087,1088,1089,1090,1091,1092,1093,1094,1095,1096,1097,1098,1099,1100,1101,1102,1103,1104,1105,1107,1108,1109,1110,1111,1112,1113,1114,1115,1116,1117,1118,1119,1120,1121,1122,1124,1125,1126,1127,1128,1129,1130,1131","26,27,45,46,54,55,56,58,60,63,65,66,67,68,69,71,97,99,101,102,109,111,113,114,115,116,117,119,120,123,125,141,152,157,158,159,160,162,165,166,167,168,182,183,184,208,210,215,216,217,219,220,221,223,224,225,227,228,231,233,234,235,236,238,241,242,243,244,249,251,253,254,256,257,266,269,270,272,273,275,283,287,288,289,321,322,323,324,325,326,327,328,329,330,331,332,339,340,341,345,350,351,359,360,365,366,367,368,369,374,375,376,377,378,379,382,383,396,397,400,404,405,413,414,415,416,442,443,444,448,449,450,451,464,465,466,467,470,471,473,474,477,478,482,483,484,485,486,488,490,491,492,493,495,496,497,498,501,502,504,505,507,508,509,510,518,519,523,526,527,606,607,610,612,613,614,636,638,642,643,644,653,654,658,659,662,671,672,678,679,680,681,682,683,693,694,696,697,703,704,705,706,707,739,740,741,744,745,746,747,748,749,750,751,770,771,772,773,780,781,782,784,785,787,789,800,801,803,804,827,828,832,833,834,835,836,837,840,841,842,843,846,847,848,849,852,853,856,857,860,861,862,864,865,868,869,878,879,922,923,924,925,926,936,937,940,941,942,944,945,946,947,949,950,951,952,953,958,959,960,961,962,963,964,965,974,975,976,977,978,979,981,982,984,985,991,992,993,1021,1022,1023,1024,1025,1026,1027,1028,1029,1030,1031,1032,1033,1034,1035,1036,1037,1038,1039,1040,1041,1043,1044,1045,1046,1047,1048,1052,1053,1054,1055,1056,1057,1058,1059,1060,1061,1062,1063,1064,1065,1066,1067,1068,1069,1070,1071,1072,1073,1074,1075,1076,1077,1078,1079,1080,1081,1082,1083,1085,1086,1087,1088,1089,1090,1091,1092,1093,1094,1095,1096,1097,1098,1099,1100,1101,1102,1103,1104,1105,1107,1108,1109,1110,1111,1112,1113,1114,1115,1116,1117,1118,1119,1120,1121,1122,1124,1125,1130,1131","26,27,45,46,54,55,56,58,60,63,65,66,67,68,69,71,97,99,101,102,109,111,113,114,115,116,117,119,120,123,125,141,152,157,158,159,160,162,165,166,167,168,182,183,184,208,210,215,216,217,219,220,221,223,224,225,227,228,231,233,234,235,236,238,241,242,243,244,249,251,253,254,256,257,266,269,270,272,273,275,283,287,288,289,321,322,323,324,325,326,327,328,329,330,331,332,339,340,341,345,350,351,359,360,365,366,367,368,369,374,375,376,377,378,379,382,383,396,397,400,404,405,413,414,415,416,442,443,444,448,449,450,451,464,465,466,467,470,471,473,474,477,478,482,483,484,485,486,488,490,491,492,493,495,496,497,498,501,502,504,505,507,508,509,510,518,519,523,526,527,606,607,610,612,613,614,636,638,642,643,644,653,654,658,659,662,671,672,678,679,680,681,682,683,693,694,696,697,703,704,705,706,707,739,740,741,744,745,746,747,748,749,750,751,770,771,772,773,780,781,782,784,785,787,789,800,801,803,804,827,828,832,833,834,835,836,837,840,841,842,843,846,847,848,849,852,853,856,857,860,861,862,864,865,868,869,878,879,922,923,924,925,926,936,937,940,941,942,944,945,946,947,949,950,951,952,953,958,959,960,961,962,963,964,965,974,975,976,977,978,979,981,982,984,985,991,992,993,1021,1022,1023,1024,1025,1026,1027,1028,1029,1030,1031,1032,1033,1034,1035,1036,1037,1038,1039,1040,1041,1043,1044,1045,1046,1047,1048,1052,1053,1054,1055,1056,1057,1058,1059,1060,1061,1062,1063,1064,1065,1066,1067,1068,1069,1070,1071,1072,1073,1074,1075,1076,1077,1078,1079,1080,1081,1082,1083,1085,1086,1087,1088,1089,1090,1091,1092,1093,1094,1095,1096,1097,1098,1099,1100,1101,1102,1103,1104,1105,1107,1120,1121,1122,1124,1125,1130,1131","124,126,249,250","0,1,2,6,7,8,49,50,51,85,86,105,106,107,108,127,128,129,133,134,139,140,144,145,154,155,163,169,187,188,189,194,195,196,206,207,218,247,248,268,271,274,277,278,280,281,284,285,286,290,291,293,294,295,296,297,298,299,300,301,354,355,371,372,373,418,419,423,424,429,454,455,456,457,512,514,515,522,552,553,554,555,556,557,580,581,587,588,604,605,624,625,640,641,645,646,647,663,664,691,692,708,709,710,715,716,719,720,721,722,755,756,757,766,767,818,819,820,821,822,823,824,825,826,850,851,863,874,891,892,900,972,973,990,1148,1149,1150,1151,1152,1153,1154,1155,1156","24,25,26,27,29,31,39,40,41,43,67,68,69,71,73,74,75,82,83,84,87,89,91,115,116,117,136,137,162,175,197,198,199,200,203,204,208,221,222,226,229,232,244,245,253,254,258,259,260,261,269,270,275,302,303,313,314,315,316,317,318,323,324,325,326,327,342,356,357,368,369,382,383,384,385,392,393,398,399,401,404,405,442,443,444,448,449,450,451,465,472,481,484,485,486,491,492,493,494,495,496,509,517,520,521,523,524,525,526,590,591,592,598,599,600,606,607,610,611,648,649,671,672,675,676,677,688,689,693,694,699,700,783,784,785,787,790,791,803,804,829,830,831,834,835,836,837,838,839,840,841,842,843,848,849,852,853,856,857,878,882,883,884,922,923,936,937,944,945,948,949,950,960,961,962,963,964,965,981,982,983,1011,1014,1015,1016,1040,1041,1068,1069,1082,1089,1090,1091,1102,1105,1107,1138,1139,1140,1141,1142,1143,1144","3,4,5,24,25,26,27,28,29,30,31,32,39,40,41,42,43,44,45,46,54,55,56,57,58,59,60,61,62,63,64,65,66,67,68,69,70,71,72,73,74,75,82,83,84,87,88,89,90,91,92,97,98,99,100,101,102,109,110,111,112,113,114,115,116,117,119,120,123,124,125,126,136,137,138,141,152,157,158,159,160,162,165,166,167,168,175,176,177,178,179,180,181,182,183,184,190,191,192,193,197,198,199,200,203,204,208,210,215,216,217,219,220,221,222,223,224,225,227,228,229,231,232,233,234,235,236,237,238,241,242,243,244,245,249,250,251,253,254,255,256,257,258,259,260,261,266,269,270,272,273,275,283,287,288,289,302,303,313,314,315,316,317,318,321,322,323,324,325,326,327,328,329,330,331,332,339,340,341,342,345,350,351,356,357,359,360,365,366,367,368,369,374,375,376,377,378,379,382,383,384,385,392,393,396,397,398,399,400,401,404,405,413,414,415,416,433,434,435,436,437,438,439,440,441,442,443,444,448,449,450,451,464,465,466,467,470,471,472,473,474,477,478,481,482,483,484,485,486,488,490,491,492,493,494,495,496,497,498,501,502,504,505,507,508,509,510,517,518,519,520,521,523,524,525,526,527,533,534,535,540,544,558,559,560,561,590,591,592,598,599,600,606,607,608,610,611,612,613,614,636,637,638,639,642,643,644,648,649,653,654,658,659,662,671,672,675,676,677,678,679,680,681,682,683,688,689,693,694,696,697,698,699,700,703,704,705,706,707,711,713,717,727,728,729,730,731,732,733,734,735,739,740,741,744,745,746,747,748,749,750,751,770,771,772,773,780,781,782,783,784,785,786,787,788,789,790,791,800,801,802,803,804,814,815,816,817,827,828,829,830,831,832,833,834,835,836,837,838,839,840,841,842,843,846,847,848,849,852,853,856,857,860,861,862,864,865,868,869,878,879,882,883,884,913,914,915,916,917,918,919,920,921,922,923,924,925,926,936,937,940,941,942,944,945,946,947,948,949,950,951,952,953,958,959,960,961,962,963,964,965,967,974,975,976,977,978,979,981,982,983,984,985,991,992,993,1000,1001,1002,1004,1005,1006,1007,1011,1012,1013,1014,1015,1016,1017,1018,1019,1020,1021,1022,1023,1024,1025,1026,1027,1028,1029,1030,1031,1032,1033,1034,1035,1036,1037,1038,1039,1040,1041,1043,1044,1045,1046,1047,1048,1052,1053,1054,1055,1056,1057,1058,1059,1060,1061,1062,1063,1064,1065,1066,1067,1068,1069,1070,1071,1072,1073,1074,1075,1076,1077,1078,1079,1080,1081,1082,1083,1085,1086,1087,1088,1089,1090,1091,1092,1093,1094,1095,1096,1097,1098,1099,1100,1101,1102,1103,1104,1105,1107,1108,1109,1110,1111,1112,1113,1114,1115,1116,1117,1118,1119,1120,1121,1122,1124,1125,1126,1127,1128,1129,1130,1131,1138,1139,1140,1141,1142,1143,1144","115,116,117,193,238,345,473,474,490,525,526,527,637,639,675,676,677,790,791,816,837,868,869,878,958,959,991,992,993,1007,1015,1016,1026,1057,1066,1067,1092,1093,1102,1111,1124,1125,1139,1140","3,4,5,24,25,26,27,28,29,30,31,32,39,40,41,42,43,44,45,46,54,55,56,57,58,59,60,61,62,63,64,65,66,67,68,69,70,71,72,73,74,75,82,83,84,87,88,89,90,91,92,97,98,99,100,101,102,109,110,111,112,113,114,115,116,117,119,120,123,124,125,126,136,137,138,141,152,157,158,159,160,162,165,166,167,168,175,176,177,178,179,180,181,182,183,184,190,191,192,193,197,198,199,200,203,204,208,210,215,216,217,219,220,221,222,223,224,225,227,228,229,231,232,233,234,235,236,237,238,241,242,243,244,245,249,250,251,253,254,255,256,257,258,259,260,261,266,269,270,272,273,275,283,287,288,289,302,303,313,314,315,316,317,318,321,322,323,324,325,326,327,328,329,330,331,332,339,340,341,342,345,350,351,356,357,359,360,365,366,367,368,369,374,375,376,377,378,379,382,383,384,385,392,393,396,397,398,399,400,401,404,405,413,414,415,416,433,434,435,436,437,438,439,440,441,442,443,444,448,449,450,451,464,465,466,467,470,471,472,473,474,477,478,481,482,483,484,485,486,488,490,491,492,493,494,495,496,497,498,501,502,504,505,507,508,509,510,517,518,519,520,521,523,524,525,526,527,533,534,535,540,544,558,559,560,561,590,591,592,598,599,600,606,607,608,610,611,612,613,614,636,637,638,639,642,643,644,648,649,653,654,658,659,662,671,672,675,676,677,678,679,680,681,682,683,688,689,693,694,696,697,698,699,700,703,704,705,706,707,711,713,717,727,728,729,730,731,732,733,734,735,739,740,741,744,745,746,747,748,749,750,751,770,771,772,773,780,781,782,783,784,785,786,787,788,789,790,791,800,801,802,803,804,814,815,816,817,827,828,829,830,831,832,833,834,835,836,837,838,839,840,841,842,843,846,847,848,849,852,853,856,857,860,861,862,864,865,868,869,878,879,882,883,884,913,914,915,916,917,918,919,920,921,922,923,924,925,926,936,937,940,941,942,944,945,946,947,948,949,950,951,952,953,958,959,960,961,962,963,964,965,967,974,975,976,977,978,979,981,982,983,984,985,991,992,993,1000,1001,1002,1004,1005,1006,1007,1011,1012,1013,1014,1015,1016,1017,1018,1019,1020,1021,1022,1023,1024,1025,1026,1027,1028,1029,1030,1031,1032,1033,1034,1035,1036,1037,1038,1039,1040,1041,1043,1044,1045,1046,1047,1048,1052,1053,1054,1055,1056,1057,1058,1059,1060,1061,1062,1063,1064,1065,1066,1067,1068,1069,1070,1071,1072,1073,1074,1075,1076,1077,1078,1079,1080,1081,1082,1083,1085,1086,1087,1088,1089,1090,1091,1092,1093,1094,1095,1096,1097,1098,1099,1100,1101,1102,1103,1104,1105,1107,1108,1109,1110,1111,1112,1113,1114,1115,1116,1117,1118,1119,1120,1121,1122,1124,1125,1126,1127,1128,1129,1130,1131,1132,1134,1138,1139,1140,1141,1142,1143,1144","0,1,2,3,4,5,6,7,8,29,31,42,44,49,50,51,54,55,57,59,85,86,88,90,92,98,100,101,102,105,106,107,108,110,112,127,128,129,133,134,139,140,141,144,145,152,154,155,157,163,169,187,188,189,190,191,192,194,195,196,206,207,218,236,241,247,248,249,251,268,271,274,277,278,280,281,283,293,294,295,296,297,298,299,300,301,330,331,332,354,355,365,366,367,371,372,373,376,377,378,379,413,418,419,433,434,435,436,437,438,439,440,441,454,455,456,457,488,504,505,507,508,510,512,514,515,522,527,552,553,554,555,556,557,558,559,560,580,581,587,588,604,605,612,613,614,624,625,640,641,642,643,644,645,646,647,653,654,662,663,664,671,672,678,679,680,681,682,691,692,696,697,699,700,727,728,729,730,731,732,733,734,735,739,740,741,745,746,755,756,757,766,767,814,815,816,818,819,820,821,822,823,824,825,826,832,833,834,835,836,837,850,851,863,874,879,913,914,915,916,917,918,919,920,921,958,959,972,973,990,1012,1073,1074,1104,1148,1149,1150,1151,1152,1153,1154,1155,1156"
159,かくばる,0,,,,,,,,,,,
160,テクスチャー,0,,,,,,"169,274,522",,,,,"169,274,522"
164,みがわり,0,"3,4,5,26,27,28,45,46,54,55,56,57,58,59,60,61,62,63,64,65,66,67,68,69,70,71,72,97,98,99,100,101,102,109,110,111,112,113,114,115,116,117,119,120,123,124,125,126,141,152,157,158,159,160,162,165,166,167,168,176,177,178,179,180,181,182,183,184,190,191,192,193,208,210,215,216,217,219,220,221,223,224,225,227,228,231,232,233,234,235,236,237,238,241,242,243,244,249,250,251,253,254,255,256,257,266,269,270,272,273,275,283,287,288,289,321,322,323,324,325,326,327,328,329,330,331,332,339,340,341,345,350,351,359,360,365,366,367,368,369,374,375,376,377,378,379,382,383,396,397,400,404,405,413,414,415,416,442,443,444,448,449,450,451,464,465,466,467,470,471,473,474,477,478,482,483,484,485,486,488,490,491,492,493,495,496,497,498,501,502,504,505,507,508,509,510,518,519,523,526,527,533,534,535,540,544,558,559,560,561,606,607,608,610,611,612,613,614,636,637,638,639,642,643,644,653,654,658,659,662,671,672,678,679,680,681,682,683,693,694,696,697,698,703,704,705,706,707,711,713,717,727,728,729,730,731,732,733,734,735,739,740,741,744,745,746,747,748,749,750,751,770,771,772,773,780,781,782,783,784,785,786,787,788,789,800,801,802,803,804,814,815,816,817,827,828,832,833,834,835,836,837,840,841,842,843,846,847,848,849,852,853,856,857,860,861,862,864,865,868,869,875,878,879,913,914,915,916,917,918,919,920,921,922,923,924,925,926,936,937,940,941,942,944,945,946,947,949,950,951,952,953,958,959,960,961,962,963,964,965,967,974,975,976,977,978,979,981,982,984,985,991,992,993,1000,1001,1002,1004,1005,1006,1007,1011,1012,1013,1015,1016,1017,1018,1019,1020,1021,1022,1023,1024,1025,1026,1027,1028,1029,1030,1031,1032,1033,1034,1035,1036,1037,1038,1039,1040,1041,1043,1044,1045,1046,1047,1048,1052,1053,1054,1055,1056,1057,1058,1059,1060,1061,1062,1063,1064,1065,1066,1067,1068,1069,1070,1071,1072,1073,1074,1075,1076,1077,1078,1079,1080,1081,1082,1083,1085,1086,1087,1088,1089,1090,1091,1092,1093,1094,1095,1096,1097,1098,1099,1100,1101,1102,1103,1104,1105,1107,1108,1109,1110,1111,1112,1113,1114,1115,1116,1117,1118,1119,1120,1121,1122,1124,1125,1126,1127,1128,1129,1130,1131,1138,1139,1140,1141,1142,1143,1144","26,27,45,46,54,55,56,58,60,63,65,66,67,68,69,71,97,99,101,102,109,111,113,114,115,116,117,119,120,123,125,141,152,157,158,159,160,162,165,166,167,168,182,183,184,208,210,215,216,217,219,220,221,223,224,225,227,228,231,233,234,235,236,238,241,242,243,244,249,251,253,254,256,257,266,269,270,272,273,275,283,287,288,289,321,322,323,324,325,326,327,328,329,330,331,332,339,340,341,345,350,351,359,360,365,366,367,368,369,374,375,376,377,378,379,382,383,396,397,400,404,405,413,414,415,416,442,443,444,448,449,450,451,464,465,466,467,470,471,473,474,477,478,482,483,484,485,486,488,490,491,492,493,495,496,497,498,501,502,504,505,507,508,509,510,518,519,523,526,527,606,607,610,612,613,614,636,638,642,643,644,653,654,658,659,662,671,672,678,679,680,681,682,683,693,694,696,697,703,704,705,706,707,739,740,741,744,745,746,747,748,749,750,751,770,771,772,773,780,781,782,784,785,787,789,800,801,803,804,827,828,832,833,834,835,836,837,840,841,842,843,846,847,848,849,852,853,856,857,860,861,862,864,865,868,869,875,878,879,922,923,924,925,926,936,937,940,941,942,944,945,946,947,949,950,951,952,953,958,959,960,961,962,963,964,965,974,975,976,977,978,979,981,982,984,985,991,992,993,1021,1022,1023,1024,1025,1026,1027,1028,1029,1030,1031,1032,1033,1034,1035,1036,1037,1038,1039,1040,1041,1043,1044,1045,1046,1047,1048,1052,1053,1054,1055,1056,1057,1058,1059,1060,1061,1062,1063,1064,1065,1066,1067,1068,1069,1070,1071,1072,1073,1074,1075,1076,1077,1078,1079,1080,1081,1082,1083,1085,1086,1087,1088,1089,1090,1091,1092,1093,1094,1095,1096,1097,1098,1099,1100,1101,1102,1103,1104,1105,1107,1108,1109,1110,1111,1112,1113,1114,1115,1116,1117,1118,1119,1120,1121,1122,1124,1125,1126,1127,1128,1129,1130,1131","26,27,45,46,54,55,56,58,60,63,65,66,67,68,69,71,97,99,101,102,109,111,113,114,115,116,117,119,120,123,125,141,152,157,158,159,160,162,165,166,167,168,182,183,184,208,210,215,216,217,219,220,221,223,224,225,227,228,231,233,234,235,236,238,241,242,243,244,249,251,253,254,256,257,266,269,270,272,273,275,283,287,288,289,321,322,323,324,325,326,327,328,329,330,331,332,339,340,341,345,350,351,359,360,365,366,367,368,369,374,375,376,377,378,379,382,383,396,397,400,404,405,413,414,415,416,442,443,444,448,449,450,451,464,465,466,467,470,471,473,474,477,478,482,483,484,485,486,488,490,491,492,493,495,496,497,498,501,502,504,505,507,508,509,510,518,519,523,526,527,606,607,610,612,613,614,636,638,642,643,644,653,654,658,659,662,671,672,678,679,680,681,682,683,693,694,696,697,703,704,705,706,707,739,740,741,744,745,746,747,748,749,750,751,770,771,772,773,780,781,782,784,785,787,789,800,801,803,804,827,828,832,833,834,835,836,837,840,841,842,843,846,847,848,849,852,853,856,857,860,861,862,864,865,868,869,875,878,879,922,923,924,925,926,936,937,940,941,942,944,945,946,947,949,950,951,952,953,958,959,960,961,962,963,964,965,974,975,976,977,978,979,981,982,984,985,991,992,993,1021,1022,1023,1024,1025,1026,1027,1028,1029,1030,1031,1032,1033,1034,1035,1036,1037,1038,1039,1040,1041,1043,1044,1045,1046,1047,1048,1052,1053,1054,1055,1056,1057,1058,1059,1060,1061,1062,1063,1064,1065,1066,1067,1068,1069,1070,1071,1072,1073,1074,1075,1076,1077,1078,1079,1080,1081,1082,1083,1085,1086,1087,1088,1089,1090,1091,1092,1093,1094,1095,1096,1097,1098,1099,1100,1101,1102,1103,1104,1105,1107,1108,1109,1110,1111,1112,1113,1114,1115,1116,1117,1118,1119,1120,1121,1122,1124,1125,1130,1131","26,27,45,46,54,55,56,58,60,63,65,66,67,68,69,71,97,99,101,102,109,111,113,114,115,116,117,119,120,123,125,141,152,157,158,159,160,162,165,166,167,168,182,183,184,208,210,215,216,217,219,220,221,223,224,225,227,228,231,233,234,235,236,238,241,242,243,244,249,251,253,254,256,257,266,269,270,272,273,275,283,287,288,289,321,322,323,324,325,326,327,328,329,330,331,332,339,340,341,345,350,351,359,360,365,366,367,368,369,374,375,376,377,378,379,382,383,396,397,400,404,405,413,414,415,416,442,443,444,448,449,450,451,464,465,466,467,470,471,473,474,477,478,482,483,484,485,486,488,490,491,492,493,495,496,497,498,501,502,504,505,507,508,509,510,518,519,523,526,527,606,607,610,612,613,614,636,638,642,643,644,653,654,658,659,662,671,672,678,679,680,681,682,683,693,694,696,697,703,704,705,706,707,739,740,741,744,745,746,747,748,749,750,751,770,771,772,773,780,781,782,784,785,787,789,800,801,803,804,827,828,832,833,834,835,836,837,840,841,842,843,846,847,848,849,852,853,856,857,860,861,862,864,865,868,869,875,878,879,922,923,924,925,926,936,937,940,941,942,944,945,946,947,949,950,951,952,953,958,959,960,961,962,963,964,965,974,975,976,977,978,979,981,982,984,985,991,992,993,1021,1022,1023,1024,1025,1026,1027,1028,1029,1030,1031,1032,1033,1034,1035,1036,1037,1038,1039,1040,1041,1043,1044,1045,1046,1047,1048,1052,1053,1054,1055,1056,1057,1058,1059,1060,1061,1062,1063,1064,1065,1066,1067,1068,1069,1070,1071,1072,1073,1074,1075,1076,1077,1078,1079,1080,1081,1082,1083,1085,1086,1087,1088,1089,1090,1091,1092,1093,1094,1095,1096,1097,1098,1099,1100,1101,1102,1103,1104,1105,1107,1120,1121,1122,1124,1125,1130,1131","124,126,249,250","0,1,2,6,7,8,49,50,51,85,86,105,106,107,108,127,128,129,133,134,139,140,144,145,154,155,163,169,187,188,189,194,195,196,206,207,218,247,248,268,271,274,277,278,280,281,284,285,286,290,291,293,294,295,296,297,298,299,300,301,354,355,371,372,373,418,419,423,424,429,454,455,456,457,512,514,515,522,552,553,554,555,556,557,580,581,587,588,604,605,624,625,640,641,645,646,647,663,664,691,692,708,709,710,715,716,719,720,721,722,755,756,757,766,767,818,819,820,821,822,823,824,825,826,850,851,863,874,891,892,900,972,973,990,1148,1149,1150,1151,1152,1153,1154,1155,1156","24,25,26,27,29,31,39,40,41,43,67,68,69,71,73,74,75,82,83,84,87,89,91,115,116,117,136,137,162,175,197,198,199,200,203,204,208,221,222,226,229,232,244,245,253,254,258,259,260,261,269,270,275,302,303,313,314,315,316,317,318,323,324,325,326,327,342,356,357,368,369,382,383,384,385,392,393,398,399,401,404,405,442,443,444,448,449,450,451,465,472,481,484,485,486,491,492,493,494,495,496,509,517,520,521,523,524,525,526,590,591,592,598,599,600,606,607,610,611,648,649,671,672,675,676,677,688,689,693,694,699,700,783,784,785,787,790,791,803,804,829,830,831,834,835,836,837,838,839,840,841,842,843,848,849,852,853,856,857,878,882,883,884,922,923,936,937,944,945,948,949,950,960,961,962,963,964,965,981,982,983,1011,1014,1015,1016,1040,1041,1068,1069,1082,1089,1090,1091,1102,1105,1107,1138,1139,1140,1141,1142,1143,1144","3,4,5,24,25,26,27,28,29,30,31,32,39,40,41,42,43,44,45,46,54,55,56,57,58,59,60,61,62,63,64,65,66,67,68,69,70,71,72,73,74,75,82,83,84,87,88,89,90,91,92,97,98,99,100,101,102,109,110,111,112,113,114,115,116,117,119,120,123,124,125,126,136,137,138,141,152,157,158,159,160,162,165,166,167,168,175,176,177,178,179,180,181,182,183,184,190,191,192,193,197,198,199,200,203,204,208,210,215,216,217,219,220,221,222,223,224,225,227,228,229,231,232,233,234,235,236,237,238,241,242,243,244,245,249,250,251,253,254,255,256,257,258,259,260,261,266,269,270,272,273,275,283,287,288,289,302,303,313,314,315,316,317,318,321,322,323,324,325,326,327,328,329,330,331,332,339,340,341,342,345,350,351,356,357,359,360,365,366,367,368,369,374,375,376,377,378,379,382,383,384,385,392,393,396,397,398,399,400,401,404,405,413,414,415,416,433,434,435,436,437,438,439,440,441,442,443,444,448,449,450,451,464,465,466,467,470,471,472,473,474,477,478,481,482,483,484,485,486,488,490,491,492,493,494,495,496,497,498,501,502,504,505,507,508,509,510,517,518,519,520,521,523,524,525,526,527,533,534,535,540,544,558,559,560,561,590,591,592,598,599,600,606,607,608,610,611,612,613,614,636,637,638,639,642,643,644,648,649,653,654,658,659,662,671,672,675,676,677,678,679,680,681,682,683,688,689,693,694,696,697,698,699,700,703,704,705,706,707,711,713,717,727,728,729,730,731,732,733,734,735,739,740,741,744,745,746,747,748,749,750,751,770,771,772,773,780,781,782,783,784,785,786,787,788,789,790,791,800,801,802,803,804,814,815,816,817,827,828,829,830,831,832,833,834,835,836,837,838,839,840,841,842,843,846,847,848,849,852,853,856,857,860,861,862,864,865,868,869,875,878,879,882,883,884,913,914,915,916,917,918,919,920,921,922,923,924,925,926,936,937,940,941,942,944,945,946,947,948,949,950,951,952,953,958,959,960,961,962,963,964,965,967,974,975,976,977,978,979,981,982,983,984,985,991,992,993,1000,1001,1002,1004,1005,1006,1007,1011,1012,1013,1014,1015,1016,1017,1018,1019,1020,1021,1022,1023,1024,1025,1026,1027,1028,1029,1030,1031,1032,1033,1034,1035,1036,1037,1038,1039,1040,1041,1043,1044,1045,1046,1047,1048,1052,1053,1054,1055,1056,1057,1058,1059,1060,1061,1062,1063,1064,1065,1066,1067,1068,1069,1070,1071,1072,1073,1074,1075,1076,1077,1078,1079,1080,1081,1082,1083,1085,1086,1087,1088,1089,1090,1091,1092,1093,1094,1095,1096,1097,1098,1099,1100,1101,1102,1103,1104,1105,1107,1108,1109,1110,1111,1112,1113,1114,1115,1116,1117,1118,1119,1120,1121,1122,1124,1125,1126,1127,1128,1129,1130,1131,1138,1139,1140,1141,1142,1143,1144","115,116,117,193,238,345,473,474,490,525,526,527,637,639,675,676,677,790,791,816,837,868,869,878,958,959,991,992,993,1007,1015,1016,1026,1057,1066,1067,1092,1093,1102,1111,1124,1125,1139,1140","3,4,5,24,25,26,27,28,29,30,31,32,39,40,41,42,43,44,45,46,54,55,56,57,58,59,60,61,62,63,64,65,66,67,68,69,70,71,72,73,74,75,82,83,84,87,88,89,90,91,92,97,98,99,100,101,102,109,110,111,112,113,114,115,116,117,119,120,123,124,125,126,136,137,138,141,152,157,158,159,160,162,165,166,167,168,175,176,177,178,179,180,181,182,183,184,190,191,192,193,197,198,199,200,203,204,208,210,215,216,217,219,220,221,222,223,224,225,227,228,229,231,232,233,234,235,236,237,238,241,242,243,244,245,249,250,251,253,254,255,256,257,258,259,260,261,266,269,270,272,273,275,283,287,288,289,302,303,313,314,315,316,317,318,321,322,323,324,325,326,327,328,329,330,331,332,339,340,341,342,345,350,351,356,357,359,360,365,366,367,368,369,374,375,376,377,378,379,382,383,384,385,392,393,396,397,398,399,400,401,404,405,413,414,415,416,433,434,435,436,437,438,439,440,441,442,443,444,448,449,450,451,464,465,466,467,470,471,472,473,474,477,478,481,482,483,484,485,486,488,490,491,492,493,494,495,496,497,498,501,502,504,505,507,508,509,510,517,518,519,520,521,523,524,525,526,527,533,534,535,540,544,558,559,560,561,590,591,592,598,599,600,606,607,608,610,611,612,613,614,636,637,638,639,642,643,644,648,649,653,654,658,659,662,671,672,675,676,677,678,679,680,681,682,683,688,689,693,694,696,697,698,699,700,703,704,705,706,707,711,713,717,727,728,729,730,731,732,733,734,735,739,740,741,744,745,746,747,748,749,750,751,770,771,772,773,780,781,782,783,784,785,786,787,788,789,790,791,800,801,802,803,804,814,815,816,817,827,828,829,830,831,832,833,834,835,836,837,838,839,840,841,842,843,846,847,848,849,852,853,856,857,860,861,862,864,865,868,869,875,878,879,882,883,884,913,914,915,916,917,918,919,920,921,922,923,924,925,926,936,937,940,941,942,944,945,946,947,948,949,950,951,952,953,958,959,960,961,962,963,964,965,967,974,975,976,977,978,979,981,982,983,984,985,991,992,993,1000,1001,1002,1004,1005,1006,1007,1011,1012,1013,1014,1015,1016,1017,1018,1019,1020,1021,1022,1023,1024,1025,1026,1027,1028,1029,1030,1031,1032,1033,1034,1035,1036,1037,1038,1039,1040,1041,1043,1044,1045,1046,1047,1048,1052,1053,1054,1055,1056,1057,1058,1059,1060,1061,1062,1063,1064,1065,1066,1067,1068,1069,1070,1071,1072,1073,1074,1075,1076,1077,1078,1079,1080,1081,1082,1083,1085,1086,1087,1088,1089,1090,1091,1092,1093,1094,1095,1096,1097,1098,1099,1100,1101,1102,1103,1104,1105,1107,1108,1109,1110,1111,1112,1113,1114,1115,1116,1117,1118,1119,1120,1121,1122,1124,1125,1126,1127,1128,1129,1130,1131,1132,1134,1138,1139,1140,1141,1142,1143,1144","0,1,2,3,4,5,6,7,8,29,31,42,44,49,50,51,54,55,57,59,85,86,88,90,92,98,100,101,102,105,106,107,108,110,112,127,128,129,133,134,139,140,141,144,145,152,154,155,157,163,169,187,188,189,190,191,192,194,195,196,206,207,218,236,241,247,248,249,251,268,271,274,277,278,280,281,283,293,294,295,296,297,298,299,300,301,330,331,332,354,355,365,366,367,371,372,373,376,377,378,379,413,418,419,433,434,435,436,437,438,439,440,441,454,455,456,457,488,504,505,507,508,510,512,514,515,522,527,552,553,554,555,556,557,558,559,560,580,581,587,588,604,605,612,613,614,624,625,640,641,642,643,644,645,646,647,653,654,662,663,664,671,672,678,679,680,681,682,691,692,696,697,699,700,727,728,729,730,731,732,733,734,735,739,740,741,745,746,755,756,757,766,767,814,815,816,818,819,820,821,822,823,824,825,826,832,833,834,835,836,837,850,851,863,874,879,913,914,915,916,917,918,919,920,921,958,959,972,973,990,1012,1073,1074,1104,1148,1149,1150,1151,1152,1153,1154,1155,1156"
166,スケッチ,0,,,,,,276,,,,,276
169,クモのす,0,,,,,,,,,,,
170,こころのめ,0,,,,,,,,,,,
171,あくむ,0,,,,,,,,,,,
174,のろい,0,"56,58,59,61,62,64,67,68,69,71,97,98,99,100,109,110,111,112,115,116,117,119,120,125,126,157,158,159,160,165,166,167,168,190,191,192,193,221,227,228,231,232,233,234,236,237,238,242,243,244,249,250,251,253,272,273,275,287,288,289,330,331,332,340,359,360,365,366,367,374,375,378,379,383,396,397,400,470,471,473,474,477,486,490,497,498,507,508,518,519,526,612,613,614,637,639,654,682,727,728,729,780,784,785,786,787,788,800,801,802,816,828,848,849,865,868,869,875,878,922,923,926,940,941,942,945,958,959,967,975,978,984,985,991,992,993,1006,1007,1011,1013,1018,1024,1025,1026,1030,1031,1032,1052,1053,1054,1057,1063,1066,1067,1082,1086,1087,1089,1095,1096,1098,1102,1103,1104,1105,1112,1119,1139,1140,1141","56,58,67,68,69,71,97,99,109,111,115,116,117,119,120,125,157,158,159,160,165,166,167,168,221,227,228,231,233,234,236,238,242,243,244,249,251,253,272,273,275,287,288,289,330,331,332,340,359,360,365,366,367,374,375,378,379,383,396,397,400,470,471,473,474,477,486,490,497,498,507,508,518,519,526,612,613,614,654,682,780,784,785,787,800,801,828,848,849,865,868,869,875,878,922,923,926,940,941,942,945,958,959,975,978,984,985,991,992,993,1024,1025,1026,1030,1031,1032,1052,1053,1054,1057,1063,1066,1067,1082,1086,1087,1089,1095,1096,1098,1102,1103,1104,1105,1112,1119","56,58,67,68,69,71,97,99,109,111,115,116,117,119,120,125,157,158,159,160,165,166,167,168,221,227,228,231,233,234,236,238,242,243,244,249,251,253,272,273,275,287,288,289,330,331,332,340,359,360,365,366,367,374,375,378,379,383,396,397,400,470,471,473,474,477,486,490,497,498,507,508,518,519,526,612,613,614,654,682,780,784,785,787,800,801,828,848,849,865,868,869,875,878,922,923,926,940,941,942,945,958,959,975,978,984,985,991,992,993,1024,1025,1026,1030,1031,1032,1052,1053,1054,1057,1063,1066,1067,1082,1086,1087,1089,1095,1096,1098,1102,1103,1104,1105,1112,1119","56,58,67,68,69,71,97,99,109,111,115,116,117,119,120,125,157,158,159,160,165,166,167,168,221,227,228,231,233,234,236,238,242,243,244,249,251,253,272,273,275,287,288,289,330,331,332,340,359,360,365,366,367,374,375,378,379,383,396,397,400,470,471,473,474,477,486,490,497,498,507,508,518,519,526,612,613,614,654,682,780,784,785,787,800,801,828,848,849,865,868,869,875,878,922,923,926,940,941,942,945,958,959,975,978,984,985,991,992,993,1024,1025,1026,1030,1031,1032,1052,1053,1054,1057,1063,1066,1067,1082,1086,1087,1089,1095,1096,1098,1102,1103,1104,1105","126,249,250","0,1,2,107,108,127,128,129,139,140,155,163,187,188,189,194,195,196,206,207,247,248,268,281,290,296,297,298,299,300,301,454,455,456,457,512,515,555,556,557,587,588,624,625,691,692,1149","29,31,67,68,69,71,87,89,91,115,116,117,136,137,175,200,221,232,244,253,258,259,260,261,275,316,317,318,342,383,398,399,401,481,486,494,521,524,525,526,590,591,592,675,676,677,784,785,787,790,791,848,849,878,922,923,945,1011,1082,1089,1102,1105,1139,1140,1141","29,30,31,32,56,58,59,61,62,64,67,68,69,71,87,88,89,90,91,92,97,98,99,100,109,110,111,112,115,116,117,119,120,125,126,136,137,138,157,158,159,160,165,166,167,168,175,190,191,192,193,200,221,227,228,231,232,233,234,236,237,238,242,243,244,249,250,251,253,258,259,260,261,272,273,275,287,288,289,316,317,318,330,331,332,340,342,359,360,365,366,367,374,375,378,379,383,396,397,398,399,400,401,433,434,435,470,471,473,474,477,481,486,490,494,497,498,507,508,518,519,521,524,525,526,590,591,592,612,613,614,637,639,654,675,676,677,682,727,728,729,780,784,785,786,787,788,790,791,800,801,802,816,828,848,849,865,868,869,875,878,922,923,926,940,941,942,945,958,959,967,975,978,984,985,991,992,993,1006,1007,1011,1013,1018,1024,1025,1026,1030,1031,1032,1052,1053,1054,1057,1063,1066,1067,1082,1086,1087,1089,1095,1096,1098,1102,1103,1104,1105,1112,1119,1139,1140,1141","115,116,117,193,238,473,474,490,525,526,637,639,675,676,677,790,791,816,868,869,878,958,959,991,992,993,1007,1026,1057,1066,1067,1102,1139,1140","29,30,31,32,56,58,59,61,62,64,67,68,69,71,87,88,89,90,91,92,97,98,99,100,109,110,111,112,115,116,117,119,120,125,126,136,137,138,157,158,159,160,165,166,167,168,175,190,191,192,193,200,221,227,228,231,232,233,234,236,237,238,242,243,244,249,250,251,253,258,259,260,261,272,273,275,287,288,289,316,317,318,330,331,332,340,342,359,360,365,366,367,374,375,378,379,383,396,397,398,399,400,401,433,434,435,470,471,473,474,477,481,486,490,494,497,498,507,508,518,519,521,524,525,526,590,591,592,612,613,614,637,639,654,675,676,677,682,727,728,729,780,784,785,786,787,788,790,791,800,801,802,816,828,848,849,865,868,869,875,878,922,923,926,940,941,942,945,958,959,967,975,978,984,985,991,992,993,1006,1007,1011,1013,1018,1024,1025,1026,1030,1031,1032,1052,1053,1054,1057,1063,1066,1067,1082,1086,1087,1089,1095,1096,1098,1102,1103,1104,1105,1112,1119,1139,1140,1141","0,1,2,29,31,59,88,90,92,98,100,107,108,110,112,127,128,129,139,140,155,157,163,187,188,189,190,191,192,194,195,196,206,207,236,247,248,249,251,268,281,296,297,298,299,300,301,330,331,332,365,366,367,378,379,433,434,435,454,455,456,457,507,508,512,515,555,556,557,587,588,612,613,614,624,625,654,682,691,692,727,728,729,816,958,959,1104,1149"
176,テクスチャー２,0,,,,,,"169,274,522",,,,,"169,274,522"
180,うらみ,0,"60,61,62,63,64,67,68,110,111,112,115,116,117,162,181,193,234,235,238,244,249,250,254,255,269,270,275,287,288,289,345,374,375,396,397,400,404,405,464,473,474,477,478,490,501,502,509,526,527,612,613,614,636,637,638,639,693,694,703,704,705,770,771,816,868,869,878,924,925,926,958,959,967,1011,1015,1016,1017,1018,1036,1055,1056,1057,1063,1066,1067,1102,1105,1107,1111,1126,1127,1128,1129,1139,1140,1141,1142,1143","60,63,67,68,111,115,116,117,162,234,235,238,244,249,254,269,270,275,287,288,289,345,374,375,396,397,400,404,405,464,473,474,477,478,490,501,502,509,526,527,612,613,614,636,638,693,694,703,704,705,770,771,868,869,878,924,925,926,958,959,1036,1055,1056,1057,1063,1066,1067,1102,1105,1107,1111,1126,1127,1128,1129","60,63,67,68,111,115,116,117,162,234,235,238,244,249,254,269,270,275,287,288,289,345,374,375,396,397,400,404,405,464,473,474,477,478,490,501,502,509,526,527,612,613,614,636,638,693,694,703,704,705,770,771,868,869,878,924,925,926,958,959,1036,1055,1056,1057,1063,1066,1067,1102,1105,1107,1111","60,63,67,68,111,115,116,117,162,234,235,238,244,249,254,269,270,275,287,288,289,345,374,375,396,397,400,404,405,464,473,474,477,478,490,501,502,509,526,527,612,613,614,636,638,693,694,703,704,705,770,771,868,869,878,924,925,926,958,959,1036,1055,1056,1057,1063,1066,1067,1102,1105,1107","249,250","194,195,196,247,248,625,766,767,892","24,25,41,43,67,68,115,116,117,136,137,162,199,200,203,204,226,244,254,269,270,275,302,303,316,317,318,385,398,399,404,405,472,509,525,526,675,676,677,693,694,699,700,790,791,878,983,1011,1015,1016,1102,1105,1107,1139,1140,1141,1142,1143","24,25,41,42,43,44,60,61,62,63,64,67,68,110,111,112,115,116,117,136,137,138,162,181,193,199,200,203,204,234,235,238,244,249,250,254,255,269,270,275,287,288,289,302,303,316,317,318,345,374,375,385,396,397,398,399,400,404,405,464,472,473,474,477,478,490,501,502,509,525,526,527,612,613,614,636,637,638,639,675,676,677,693,694,699,700,703,704,705,770,771,790,791,816,868,869,878,924,925,926,958,959,967,983,1011,1015,1016,1017,1018,1036,1055,1056,1057,1063,1066,1067,1102,1105,1107,1111,1126,1127,1128,1129,1139,1140,1141,1142,1143","115,116,117,193,238,345,473,474,490,525,526,527,637,639,675,676,677,790,791,816,868,869,878,958,959,1015,1016,1057,1066,1067,1102,1111,1139,1140","24,25,41,42,43,44,60,61,62,63,64,67,68,110,111,112,115,116,117,136,137,138,162,181,193,199,200,203,204,234,235,238,244,249,250,254,255,269,270,275,287,288,289,302,303,316,317,318,345,374,375,385,396,397,398,399,400,404,405,464,472,473,474,477,478,490,501,502,509,525,526,527,612,613,614,636,637,638,639,675,676,677,693,694,699,700,703,704,705,770,771,790,791,816,868,869,878,924,925,926,958,959,967,983,1011,1015,1016,1017,1018,1036,1055,1056,1057,1063,1066,1067,1102,1105,1107,1111,1126,1127,1128,1129,1139,1140,1141,1142,1143","42,44,110,112,194,195,196,247,248,249,527,612,613,614,625,699,700,766,767,816,958,959"
182,まもる,0,"3,4,5,26,27,28,45,46,54,55,56,57,58,59,60,61,62,63,64,65,66,67,68,69,70,71,72,97,98,99,100,101,102,109,110,111,112,113,114,115,116,117,119,120,123,124,125,126,141,152,157,158,159,160,162,165,166,167,168,176,177,178,179,180,181,182,183,184,190,191,192,193,208,210,215,216,217,219,220,221,223,224,225,227,228,231,232,233,234,235,236,237,238,241,242,243,244,249,250,251,253,254,255,256,257,266,269,270,272,273,275,283,287,288,289,321,322,323,324,325,326,327,328,329,330,331,332,339,340,341,345,350,351,359,360,365,366,367,368,369,374,375,376,377,378,379,382,383,396,397,400,404,405,413,414,415,416,442,443,444,448,449,450,451,464,465,466,467,470,471,473,474,477,478,482,483,484,485,486,488,490,491,492,493,495,496,497,498,501,502,504,505,507,508,509,510,518,519,523,526,527,533,534,535,540,544,558,559,560,561,606,607,608,610,611,612,613,614,636,637,638,639,642,643,644,653,654,658,659,662,671,672,678,679,680,681,682,683,693,694,696,697,698,703,704,705,706,707,711,713,717,727,728,729,730,731,732,733,734,735,739,740,741,743,744,745,746,747,748,749,750,751,770,771,772,773,780,781,782,783,784,785,786,787,788,789,800,801,802,803,804,814,815,816,817,827,828,832,833,834,835,836,837,840,841,842,843,846,847,848,849,852,853,856,857,860,861,862,864,865,868,869,875,878,879,913,914,915,916,917,918,919,920,921,922,923,924,925,926,936,937,940,941,942,944,945,946,947,949,950,951,952,953,958,959,960,961,962,963,964,965,967,974,975,976,977,978,979,981,982,984,985,991,992,993,1000,1001,1002,1004,1005,1006,1007,1011,1012,1013,1015,1016,1017,1018,1019,1020,1021,1022,1023,1024,1025,1026,1027,1028,1029,1030,1031,1032,1033,1034,1035,1036,1037,1038,1039,1040,1041,1043,1044,1045,1046,1047,1048,1052,1053,1054,1055,1056,1057,1058,1059,1060,1061,1062,1063,1064,1065,1066,1067,1068,1069,1070,1071,1072,1073,1074,1075,1076,1077,1078,1079,1080,1081,1082,1083,1085,1086,1087,1088,1089,1090,1091,1092,1093,1094,1095,1096,1097,1098,1099,1100,1101,1102,1103,1104,1105,1107,1108,1109,1110,1111,1112,1113,1114,1115,1116,1117,1118,1119,1120,1121,1122,1124,1125,1126,1127,1128,1129,1130,1131,1138,1139,1140,1141,1142,1143,1144","26,27,45,46,54,55,56,58,60,63,65,66,67,68,69,71,97,99,101,102,109,111,113,114,115,116,117,119,120,123,125,141,152,157,158,159,160,162,165,166,167,168,182,183,184,208,210,215,216,217,219,220,221,223,224,225,227,228,231,233,234,235,236,238,241,242,243,244,249,251,253,254,256,257,266,269,270,272,273,275,283,287,288,289,321,322,323,324,325,326,327,328,329,330,331,332,339,340,341,345,350,351,359,360,365,366,367,368,369,374,375,376,377,378,379,382,383,396,397,400,404,405,413,414,415,416,442,443,444,448,449,450,451,464,465,466,467,470,471,473,474,477,478,482,483,484,485,486,488,490,491,492,493,495,496,497,498,501,502,504,505,507,508,509,510,518,519,523,526,527,606,607,610,612,613,614,636,638,642,643,644,653,654,658,659,662,671,672,678,679,680,681,682,683,693,694,696,697,703,704,705,706,707,739,740,741,743,744,745,746,747,748,749,750,751,770,771,772,773,780,781,782,784,785,787,789,800,801,803,804,827,828,832,833,834,835,836,837,840,841,842,843,846,847,848,849,852,853,856,857,860,861,862,864,865,868,869,875,878,879,922,923,924,925,926,936,937,940,941,942,944,945,946,947,949,950,951,952,953,958,959,960,961,962,963,964,965,974,975,976,977,978,979,981,982,984,985,991,992,993,1021,1022,1023,1024,1025,1026,1027,1028,1029,1030,1031,1032,1033,1034,1035,1036,1037,1038,1039,1040,1041,1043,1044,1045,1046,1047,1048,1052,1053,1054,1055,1056,1057,1058,1059,1060,1061,1062,1063,1064,1065,1066,1067,1068,1069,1070,1071,1072,1073,1074,1075,1076,1077,1078,1079,1080,1081,1082,1083,1085,1086,1087,1088,1089,1090,1091,1092,1093,1094,1095,1096,1097,1098,1099,1100,1101,1102,1103,1104,1105,1107,1108,1109,1110,1111,1112,1113,1114,1115,1116,1117,1118,1119,1120,1121,1122,1124,1125,1126,1127,1128,1129,1130,1131","26,27,45,46,54,55,56,58,60,63,65,66,67,68,69,71,97,99,101,102,109,111,113,114,115,116,117,119,120,123,125,141,152,157,158,159,160,162,165,166,167,168,182,183,184,208,210,215,216,217,219,220,221,223,224,225,227,228,231,233,234,235,236,238,241,242,243,244,249,251,253,254,256,257,266,269,270,272,273,275,283,287,288,289,321,322,323,324,325,326,327,328,329,330,331,332,339,340,341,345,350,351,359,360,365,366,367,368,369,374,375,376,377,378,379,382,383,396,397,400,404,405,413,414,415,416,442,443,444,448,449,450,451,464,465,466,467,470,471,473,474,477,478,482,483,484,485,486,488,490,491,492,493,495,496,497,498,501,502,504,505,507,508,509,510,518,519,523,526,527,606,607,610,612,613,614,636,638,642,643,644,653,654,658,659,662,671,672,678,679,680,681,682,683,693,694,696,697,703,704,705,706,707,739,740,741,743,744,745,746,747,748,749,750,751,770,771,772,773,780,781,782,784,785,787,789,800,801,803,804,827,828,832,833,834,835,836,837,840,841,842,843,846,847,848,849,852,853,856,857,860,861,862,864,865,868,869,875,878,879,922,923,924,925,926,936,937,940,941,942,944,945,946,947,949,950,951,952,953,958,959,960,961,962,963,964,965,974,975,976,977,978,979,981,982,984,985,991,992,993,1021,1022,1023,1024,1025,1026,1027,1028,1029,1030,1031,1032,1033,1034,1035,1036,1037,1038,1039,1040,1041,1043,1044,1045,1046,1047,1048,1052,1053,1054,1055,1056,1057,1058,1059,1060,1061,1062,1063,1064,1065,1066,1067,1068,1069,1070,1071,1072,1073,1074,1075,1076,1077,1078,1079,1080,1081,1082,1083,1085,1086,1087,1088,1089,1090,1091,1092,1093,1094,1095,1096,1097,1098,1099,1100,1101,1102,1103,1104,1105,1107,1108,1109,1110,1111,1112,1113,1114,1115,1116,1117,1118,1119,1120,1121,1122,1124,1125,1130,1131","26,27,45,46,54,55,56,58,60,63,65,66,67,68,69,71,97,99,101,102,109,111,113,114,115,116,117,119,120,123,125,141,152,157,158,159,160,162,165,166,167,168,182,183,184,208,210,215,216,217,219,220,221,223,224,225,227,228,231,233,234,235,236,238,241,242,243,244,249,251,253,254,256,257,266,269,270,272,273,275,283,287,288,289,321,322,323,324,325,326,327,328,329,330,331,332,339,340,341,345,350,351,359,360,365,366,367,368,369,374,375,376,377,378,379,382,383,396,397,400,404,405,413,414,415,416,442,443,444,448,449,450,451,464,465,466,467,470,471,473,474,477,478,482,483,484,485,486,488,490,491,492,493,495,496,497,498,501,502,504,505,507,508,509,510,518,519,523,526,527,606,607,610,612,613,614,636,638,642,643,644,653,654,658,659,662,671,672,678,679,680,681,682,683,693,694,696,697,703,704,705,706,707,739,740,741,743,744,745,746,747,748,749,750,751,770,771,772,773,780,781,782,784,785,787,789,800,801,803,804,827,828,832,833,834,835,836,837,840,841,842,843,846,847,848,849,852,853,856,857,860,861,862,864,865,868,869,875,878,879,922,923,924,925,926,936,937,940,941,942,944,945,946,947,949,950,951,952,953,958,959,960,961,962,963,964,965,974,975,976,977,978,979,981,982,984,985,991,992,993,1021,1022,1023,1024,1025,1026,1027,1028,1029,1030,1031,1032,1033,1034,1035,1036,1037,1038,1039,1040,1041,1043,1044,1045,1046,1047,1048,1052,1053,1054,1055,1056,1057,1058,1059,1060,1061,1062,1063,1064,1065,1066,1067,1068,1069,1070,1071,1072,1073,1074,1075,1076,1077,1078,1079,1080,1081,1082,1083,1085,1086,1087,1088,1089,1090,1091,1092,1093,1094,1095,1096,1097,1098,1099,1100,1101,1102,1103,1104,1105,1107,1120,1121,1122,1124,1125,1130,1131","124,126,249,250","0,1,2,6,7,8,49,50,51,85,86,105,106,107,108,127,128,129,133,134,139,140,144,145,154,155,163,169,187,188,189,194,195,196,206,207,218,247,248,268,271,274,277,278,280,281,284,285,286,290,291,293,294,295,296,297,298,299,300,301,354,355,371,372,373,418,419,423,424,429,454,455,456,457,512,514,515,522,552,553,554,555,556,557,580,581,587,588,604,605,624,625,640,641,645,646,647,663,664,691,692,708,709,710,715,716,719,720,721,722,755,756,757,766,767,818,819,820,821,822,823,824,825,826,850,851,863,874,891,892,900,972,973,990,1148,1149,1150,1151,1152,1153,1154,1155,1156","24,25,26,27,29,31,39,40,41,43,67,68,69,71,73,74,75,82,83,84,87,89,91,115,116,117,136,137,162,175,197,198,199,200,203,204,208,221,222,226,229,232,244,245,253,254,258,259,260,261,269,270,275,302,303,313,314,315,316,317,318,323,324,325,326,327,342,356,357,368,369,382,383,384,385,392,393,398,399,401,404,405,442,443,444,448,449,450,451,465,472,481,484,485,486,491,492,493,494,495,496,509,517,520,521,523,524,525,526,590,591,592,598,599,600,606,607,610,611,648,649,671,672,675,676,677,688,689,693,694,699,700,783,784,785,787,790,791,803,804,829,830,831,834,835,836,837,838,839,840,841,842,843,848,849,852,853,856,857,878,882,883,884,922,923,936,937,944,945,948,949,950,960,961,962,963,964,965,981,982,983,1011,1014,1015,1016,1040,1041,1068,1069,1082,1089,1090,1091,1102,1105,1107,1138,1139,1140,1141,1142,1143,1144","3,4,5,24,25,26,27,28,29,30,31,32,39,40,41,42,43,44,45,46,54,55,56,57,58,59,60,61,62,63,64,65,66,67,68,69,70,71,72,73,74,75,82,83,84,87,88,89,90,91,92,97,98,99,100,101,102,109,110,111,112,113,114,115,116,117,119,120,123,124,125,126,136,137,138,141,152,157,158,159,160,162,165,166,167,168,175,176,177,178,179,180,181,182,183,184,190,191,192,193,197,198,199,200,203,204,208,210,215,216,217,219,220,221,222,223,224,225,227,228,229,231,232,233,234,235,236,237,238,241,242,243,244,245,249,250,251,253,254,255,256,257,258,259,260,261,266,269,270,272,273,275,283,287,288,289,302,303,313,314,315,316,317,318,321,322,323,324,325,326,327,328,329,330,331,332,339,340,341,342,345,350,351,356,357,359,360,365,366,367,368,369,374,375,376,377,378,379,382,383,384,385,392,393,396,397,398,399,400,401,404,405,413,414,415,416,433,434,435,436,437,438,439,440,441,442,443,444,448,449,450,451,464,465,466,467,470,471,472,473,474,477,478,481,482,483,484,485,486,488,490,491,492,493,494,495,496,497,498,501,502,504,505,507,508,509,510,517,518,519,520,521,523,524,525,526,527,533,534,535,540,544,558,559,560,561,590,591,592,598,599,600,606,607,608,610,611,612,613,614,636,637,638,639,642,643,644,648,649,653,654,658,659,662,671,672,675,676,677,678,679,680,681,682,683,688,689,693,694,696,697,698,699,700,703,704,705,706,707,711,713,717,727,728,729,730,731,732,733,734,735,739,740,741,743,744,745,746,747,748,749,750,751,770,771,772,773,780,781,782,783,784,785,786,787,788,789,790,791,800,801,802,803,804,814,815,816,817,827,828,829,830,831,832,833,834,835,836,837,838,839,840,841,842,843,846,847,848,849,852,853,856,857,860,861,862,864,865,868,869,875,878,879,882,883,884,913,914,915,916,917,918,919,920,921,922,923,924,925,926,936,937,940,941,942,944,945,946,947,948,949,950,951,952,953,958,959,960,961,962,963,964,965,967,974,975,976,977,978,979,981,982,983,984,985,991,992,993,1000,1001,1002,1004,1005,1006,1007,1011,1012,1013,1014,1015,1016,1017,1018,1019,1020,1021,1022,1023,1024,1025,1026,1027,1028,1029,1030,1031,1032,1033,1034,1035,1036,1037,1038,1039,1040,1041,1043,1044,1045,1046,1047,1048,1052,1053,1054,1055,1056,1057,1058,1059,1060,1061,1062,1063,1064,1065,1066,1067,1068,1069,1070,1071,1072,1073,1074,1075,1076,1077,1078,1079,1080,1081,1082,1083,1085,1086,1087,1088,1089,1090,1091,1092,1093,1094,1095,1096,1097,1098,1099,1100,1101,1102,1103,1104,1105,1107,1108,1109,1110,1111,1112,1113,1114,1115,1116,1117,1118,1119,1120,1121,1122,1124,1125,1126,1127,1128,1129,1130,1131,1138,1139,1140,1141,1142,1143,1144","115,116,117,193,238,345,473,474,490,525,526,527,637,639,675,676,677,790,791,816,837,868,869,878,958,959,991,992,993,1007,1015,1016,1026,1057,1066,1067,1092,1093,1102,1111,1124,1125,1139,1140","3,4,5,24,25,26,27,28,29,30,31,32,39,40,41,42,43,44,45,46,54,55,56,57,58,59,60,61,62,63,64,65,66,67,68,69,70,71,72,73,74,75,82,83,84,87,88,89,90,91,92,97,98,99,100,101,102,109,110,111,112,113,114,115,116,117,119,120,123,124,125,126,136,137,138,141,152,157,158,159,160,162,165,166,167,168,175,176,177,178,179,180,181,182,183,184,190,191,192,193,197,198,199,200,203,204,208,210,215,216,217,219,220,221,222,223,224,225,227,228,229,231,232,233,234,235,236,237,238,241,242,243,244,245,249,250,251,253,254,255,256,257,258,259,260,261,266,269,270,272,273,275,283,287,288,289,302,303,313,314,315,316,317,318,321,322,323,324,325,326,327,328,329,330,331,332,339,340,341,342,345,350,351,356,357,359,360,365,366,367,368,369,374,375,376,377,378,379,382,383,384,385,392,393,396,397,398,399,400,401,404,405,413,414,415,416,433,434,435,436,437,438,439,440,441,442,443,444,448,449,450,451,464,465,466,467,470,471,472,473,474,477,478,481,482,483,484,485,486,488,490,491,492,493,494,495,496,497,498,501,502,504,505,507,508,509,510,517,518,519,520,521,523,524,525,526,527,533,534,535,540,544,558,559,560,561,590,591,592,598,599,600,606,607,608,610,611,612,613,614,636,637,638,639,642,643,644,648,649,653,654,658,659,662,671,672,675,676,677,678,679,680,681,682,683,688,689,693,694,696,697,698,699,700,703,704,705,706,707,711,713,717,727,728,729,730,731,732,733,734,735,739,740,741,743,744,745,746,747,748,749,750,751,770,771,772,773,780,781,782,783,784,785,786,787,788,789,790,791,800,801,802,803,804,814,815,816,817,827,828,829,830,831,832,833,834,835,836,837,838,839,840,841,842,843,846,847,848,849,852,853,856,857,860,861,862,864,865,868,869,875,878,879,882,883,884,913,914,915,916,917,918,919,920,921,922,923,924,925,926,936,937,940,941,942,944,945,946,947,948,949,950,951,952,953,958,959,960,961,962,963,964,965,967,974,975,976,977,978,979,981,982,983,984,985,991,992,993,1000,1001,1002,1004,1005,1006,1007,1011,1012,1013,1014,1015,1016,1017,1018,1019,1020,1021,1022,1023,1024,1025,1026,1027,1028,1029,1030,1031,1032,1033,1034,1035,1036,1037,1038,1039,1040,1041,1043,1044,1045,1046,1047,1048,1052,1053,1054,1055,1056,1057,1058,1059,1060,1061,1062,1063,1064,1065,1066,1067,1068,1069,1070,1071,1072,1073,1074,1075,1076,1077,1078,1079,1080,1081,1082,1083,1085,1086,1087,1088,1089,1090,1091,1092,1093,1094,1095,1096,1097,1098,1099,1100,1101,1102,1103,1104,1105,1107,1108,1109,1110,1111,1112,1113,1114,1115,1116,1117,1118,1119,1120,1121,1122,1124,1125,1126,1127,1128,1129,1130,1131,1132,1134,1138,1139,1140,1141,1142,1143,1144","0,1,2,3,4,5,6,7,8,29,31,42,44,49,50,51,54,55,57,59,85,86,88,90,92,98,100,101,102,105,106,107,108,110,112,127,128,129,133,134,139,140,141,144,145,152,154,155,157,163,169,187,188,189,190,191,192,194,195,196,206,207,218,236,241,247,248,249,251,268,271,274,277,278,280,281,283,293,294,295,296,297,298,299,300,301,330,331,332,354,355,365,366,367,371,372,373,376,377,378,379,413,418,419,433,434,435,436,437,438,439,440,441,454,455,456,457,488,504,505,507,508,510,512,514,515,522,527,552,553,554,555,556,557,558,559,560,580,581,587,588,604,605,612,613,614,624,625,640,641,642,643,644,645,646,647,653,654,662,663,664,671,672,678,679,680,681,682,691,692,696,697,699,700,727,728,729,730,731,732,733,734,735,739,740,741,745,746,755,756,757,766,767,814,815,816,818,819,820,821,822,823,824,825,826,832,833,834,835,836,837,850,851,863,874,879,913,914,915,916,917,918,919,920,921,958,959,972,973,990,1012,1073,1074,1104,1148,1149,1150,1151,1152,1153,1154,1155,1156"
184,こわいかお,0,"3,4,5,57,58,59,67,68,69,70,71,72,100,109,110,111,112,114,115,116,117,120,125,126,152,157,158,159,160,162,168,177,179,181,184,234,235,237,238,244,249,250,251,254,257,269,270,273,275,287,288,289,327,331,332,340,365,366,374,375,379,383,396,397,405,414,415,416,449,450,451,464,467,477,478,482,483,490,491,492,493,496,501,502,508,509,526,540,544,560,561,610,611,612,613,614,636,638,639,659,671,672,678,679,680,682,683,693,694,696,697,698,703,704,705,711,713,717,729,770,771,773,788,801,802,804,817,827,828,833,840,841,842,843,847,849,853,856,857,864,865,868,869,879,914,915,924,925,926,936,937,944,946,947,950,952,953,963,964,965,1000,1001,1002,1006,1007,1011,1012,1013,1015,1016,1018,1019,1020,1026,1034,1036,1044,1048,1061,1062,1063,1065,1066,1067,1068,1069,1070,1072,1082,1086,1087,1092,1093,1098,1102,1105,1107,1108,1109,1110,1114,1116,1117,1119,1121,1122,1126,1127,1128,1129,1130,1141,1144","58,67,68,69,71,109,111,114,115,116,117,120,125,152,157,158,159,160,162,168,184,234,235,238,244,249,251,254,257,269,270,273,275,287,288,289,327,331,332,340,365,366,374,375,379,383,396,397,405,414,415,416,449,450,451,464,467,477,478,482,483,490,491,492,493,496,501,502,508,509,526,610,612,613,614,636,638,659,671,672,678,679,680,682,683,693,694,696,697,703,704,705,770,771,773,801,804,827,828,833,840,841,842,843,847,849,853,856,857,864,865,868,869,879,924,925,926,936,937,944,946,947,950,952,953,963,964,965,1026,1034,1036,1044,1048,1061,1062,1063,1065,1066,1067,1068,1069,1070,1072,1082,1086,1087,1092,1093,1098,1102,1105,1107,1108,1109,1110,1114,1116,1117,1119,1121,1122,1126,1127,1128,1129,1130","58,67,68,69,71,109,111,114,115,116,117,120,125,152,157,158,159,160,162,168,184,234,235,238,244,249,251,254,257,269,270,273,275,287,288,289,327,331,332,340,365,366,374,375,379,383,396,397,405,414,415,416,449,450,451,464,467,477,478,482,483,490,491,492,493,496,501,502,508,509,526,610,612,613,614,636,638,659,671,672,678,679,680,682,683,693,694,696,697,703,704,705,770,771,773,801,804,827,828,833,840,841,842,843,847,849,853,856,857,864,865,868,869,879,924,925,926,936,937,944,946,947,950,952,953,963,964,965,1026,1034,1036,1044,1048,1061,1062,1063,1065,1066,1067,1068,1069,1070,1072,1082,1086,1087,1092,1093,1098,1102,1105,1107,1108,1109,1110,1114,1116,1117,1119,1121,1122,1130","58,67,68,69,71,109,111,114,115,116,117,120,125,152,157,158,159,160,162,168,184,234,235,238,244,249,251,254,257,269,270,273,275,287,288,289,327,331,332,340,365,366,374,375,379,383,396,397,405,414,415,416,449,450,451,464,467,477,478,482,483,490,491,492,493,496,501,502,508,509,526,610,612,613,614,636,638,659,671,672,678,679,680,682,683,693,694,696,697,703,704,705,770,771,773,801,804,827,828,833,840,841,842,843,847,849,853,856,857,864,865,868,869,879,924,925,926,936,937,944,946,947,950,952,953,963,964,965,1026,1034,1036,1044,1048,1061,1062,1063,1065,1066,1067,1068,1069,1070,1072,1082,1086,1087,1092,1093,1098,1102,1105,1107,1121,1122,1130","126,249,250","2,8,86,106,133,134,139,140,145,155,194,195,196,247,248,271,281,284,285,290,301,418,419,429,454,455,456,457,512,515,554,556,557,588,624,625,708,709,710,715,716,719,720,721,767,818,819,820,826,851,891,892,900,990,1148,1150,1151,1152,1153","24,25,67,68,69,71,75,84,87,89,91,115,116,117,136,137,162,200,203,204,244,245,254,260,261,269,270,275,302,303,317,318,327,383,385,405,449,450,451,491,492,493,496,509,517,520,521,526,590,591,592,610,611,671,672,693,694,699,700,791,804,840,841,842,843,849,853,856,857,882,883,884,936,937,944,950,963,964,965,983,1011,1014,1015,1016,1068,1069,1082,1102,1105,1107,1141,1144","3,4,5,24,25,57,58,59,67,68,69,70,71,72,75,84,87,89,90,91,92,100,109,110,111,112,114,115,116,117,120,125,126,136,137,138,152,157,158,159,160,162,168,177,179,181,184,200,203,204,234,235,237,238,244,245,249,250,251,254,257,260,261,269,270,273,275,287,288,289,302,303,317,318,327,331,332,340,365,366,374,375,379,383,385,396,397,405,414,415,416,435,438,441,449,450,451,464,467,477,478,482,483,490,491,492,493,496,501,502,508,509,517,520,521,526,540,544,560,561,590,591,592,610,611,612,613,614,636,638,639,659,671,672,678,679,680,682,683,693,694,696,697,698,699,700,703,704,705,711,713,717,729,770,771,773,788,791,801,802,804,817,827,828,833,840,841,842,843,847,849,853,856,857,864,865,868,869,879,882,883,884,914,915,924,925,926,936,937,944,946,947,950,952,953,963,964,965,983,1000,1001,1002,1006,1007,1011,1012,1013,1014,1015,1016,1018,1019,1020,1026,1034,1036,1044,1048,1061,1062,1063,1065,1066,1067,1068,1069,1070,1072,1082,1086,1087,1092,1093,1098,1102,1105,1107,1108,1109,1110,1114,1116,1117,1119,1121,1122,1126,1127,1128,1129,1130,1141,1144","115,116,117,238,490,526,639,791,868,869,1007,1015,1016,1026,1066,1067,1092,1093,1102","3,4,5,24,25,57,58,59,67,68,69,70,71,72,75,84,87,89,90,91,92,100,109,110,111,112,114,115,116,117,120,125,126,136,137,138,152,157,158,159,160,162,168,177,179,181,184,200,203,204,234,235,237,238,244,245,249,250,251,254,257,260,261,269,270,273,275,287,288,289,302,303,317,318,327,331,332,340,365,366,374,375,379,383,385,396,397,405,414,415,416,435,438,441,449,450,451,464,467,477,478,482,483,490,491,492,493,496,501,502,508,509,517,520,521,526,540,544,560,561,590,591,592,610,611,612,613,614,636,638,639,659,671,672,678,679,680,682,683,693,694,696,697,698,699,700,703,704,705,711,713,717,729,770,771,773,788,791,801,802,804,817,827,828,833,840,841,842,843,847,849,853,856,857,864,865,868,869,879,882,883,884,914,915,924,925,926,936,937,944,946,947,950,952,953,963,964,965,983,1000,1001,1002,1006,1007,1011,1012,1013,1014,1015,1016,1018,1019,1020,1026,1034,1036,1044,1048,1061,1062,1063,1065,1066,1067,1068,1069,1070,1072,1082,1086,1087,1092,1093,1098,1102,1105,1107,1108,1109,1110,1114,1116,1117,1119,1121,1122,1126,1127,1128,1129,1130,1132,1134,1141,1144","2,3,4,5,8,57,59,86,90,92,100,106,110,112,133,134,139,140,145,152,155,157,194,195,196,247,248,249,251,271,281,301,331,332,365,366,379,418,419,435,438,441,454,455,456,457,508,512,515,554,556,557,560,588,612,613,614,624,625,671,672,678,679,680,682,696,697,699,700,729,767,818,819,820,826,833,851,879,914,915,990,1012,1148,1150,1151,1152,1153"
186,てんしのキッス,0,"26,27,28,45,46,141,208,210,283,413,465,488,504,1037,1077,1078,1079","26,27,45,46,141,208,210,283,413,465,488,504,1037,1077,1078,1079","26,27,45,46,141,208,210,283,413,465,488,504,1037,1077,1078,1079","26,27,45,46,141,208,210,283,413,465,488,504,1037,1077,1078,1079",,"354,355,863,972,973","26,27,39,40,208,465","26,27,28,39,40,45,46,141,208,210,283,413,465,488,504,1037,1077,1078,1079",,"26,27,28,39,40,45,46,141,208,210,283,413,465,488,504,1037,1077,1078,1079","141,283,354,355,413,488,504,863,972,973"
187,はらだいこ,0,"3,5,97,98,256,339,340,341,378,727,922,979,1095,1116","97,256,339,340,341,378,922,979,1095,1116","97,256,339,340,341,378,922,979,1095,1116","97,256,339,340,341,378,922,979,1095",,281,"73,74,75,175,222,494,884,922,1014","3,5,73,74,75,97,98,175,222,256,339,340,341,378,494,727,884,922,979,1014,1095,1116",,"3,5,73,74,75,97,98,175,222,256,339,340,341,378,494,727,884,922,979,1014,1095,1116","3,5,98,281,378,727"
191,まきびし,0,"113,114,221,231,232,242,243,249,250,253,266,374,375,383,404,405,464,471,486,493,526,727,728,729,733,734,735,783,789,940,941,942,975,1018,1023,1033,1034,1066,1067,1068,1069,1089,1090,1091,1103,1113,1119,1128,1144","113,114,221,231,242,243,249,253,266,374,375,383,404,405,464,471,486,493,526,789,940,941,942,975,1023,1033,1034,1066,1067,1068,1069,1089,1090,1091,1103,1113,1119,1128","113,114,221,231,242,243,249,253,266,374,375,383,404,405,464,471,486,493,526,789,940,941,942,975,1023,1033,1034,1066,1067,1068,1069,1089,1090,1091,1103,1113,1119","113,114,221,231,242,243,249,253,266,374,375,383,404,405,464,471,486,493,526,789,940,941,942,975,1023,1033,1034,1066,1067,1068,1069,1089,1090,1091,1103","249,250","268,429","29,31,221,232,245,253,383,404,405,486,493,520,526,783,1068,1069,1089,1090,1091,1144","29,31,32,113,114,221,231,232,242,243,245,249,250,253,266,374,375,383,404,405,464,471,486,493,520,526,727,728,729,733,734,735,783,789,940,941,942,975,1018,1023,1033,1034,1066,1067,1068,1069,1089,1090,1091,1103,1113,1119,1128,1144","526,1066,1067","29,31,32,113,114,221,231,232,242,243,245,249,250,253,266,374,375,383,404,405,464,471,486,493,520,526,727,728,729,733,734,735,783,789,940,941,942,975,1018,1023,1033,1034,1066,1067,1068,1069,1089,1090,1091,1103,1113,1119,1128,1144","29,31,249,268,727,728,729,733,734,735"
193,みやぶる,0,,,,,,,,,,,
194,みちづれ,0,"115,116,117,238,249,250,266,269,323,359,374,375,396,464,473,474,490,526,868,878,1018,1055,1062,1092,1131","115,116,117,238,249,266,269,323,359,374,375,396,464,473,474,490,526,868,878,1055,1062,1092,1131","115,116,117,238,249,266,269,323,359,374,375,396,464,473,474,490,526,868,878,1055,1062,1092,1131","115,116,117,238,249,266,269,323,359,374,375,396,464,473,474,490,526,868,878,1055,1062,1092,1131","249,250",766,"115,116,117,136,137,269,323,525,526,790,791,878","115,116,117,136,137,138,238,249,250,266,269,323,359,374,375,396,464,473,474,490,525,526,790,791,868,878,1018,1055,1062,1092,1131","115,116,117,238,473,474,490,525,526,790,791,868,878,1092","115,116,117,136,137,138,238,249,250,266,269,323,359,374,375,396,464,473,474,490,525,526,790,791,868,878,1018,1055,1062,1092,1131","249,766"
197,みきり,0,"165,178,179,339,340,345,350,351,378,495,496,535,558,636,637,781,1000,1001,1002,1027,1036,1094,1116","165,339,340,345,350,351,378,495,496,636,781,1027,1036,1094,1116","165,339,340,345,350,351,378,495,496,636,781,1027,1036,1094,1116","165,339,340,345,350,351,378,495,496,636,781,1027,1036,1094",,"134,278,293,294,295,296,297,298,624","229,495,496,517,590,688,689","165,178,179,229,339,340,345,350,351,378,495,496,517,535,558,590,636,637,688,689,781,1000,1001,1002,1027,1036,1094,1116","345,637","165,178,179,229,339,340,345,350,351,378,495,496,517,535,558,590,636,637,688,689,781,1000,1001,1002,1027,1036,1094,1116","134,278,293,294,295,296,297,298,378,558,624"
199,ロックオン,0,"101,102,510,992,993,1004","101,102,510,992,993","101,102,510,992,993","101,102,510,992,993",,"169,274,522","342,524","101,102,342,510,524,992,993,1004","992,993","101,102,342,510,524,992,993,1004","101,102,169,274,510,522"
201,すなあらし,0,"5,45,46,56,57,58,59,70,72,100,101,102,109,110,111,112,141,157,158,159,160,162,176,178,179,180,181,184,221,231,232,242,243,244,251,272,273,283,287,288,289,365,366,367,374,375,382,383,470,471,484,485,486,491,492,493,497,498,510,533,534,535,540,612,613,614,693,694,711,717,783,786,788,789,802,827,828,834,835,836,837,840,841,842,843,848,849,868,869,937,940,941,942,946,947,978,984,985,1012,1052,1053,1054,1070,1071,1072,1074,1075,1076,1080,1081,1082,1086,1087,1089,1090,1091,1092,1093,1103,1105,1107,1108,1109,1112,1113,1114,1119,1125,1128,1144","45,46,56,58,101,102,109,111,141,157,158,159,160,162,184,221,231,242,243,244,251,272,273,283,287,288,289,365,366,367,374,375,382,383,470,471,484,485,486,491,492,493,497,498,510,612,613,614,693,694,789,827,828,834,835,836,837,840,841,842,843,848,849,868,869,937,940,941,942,946,947,978,984,985,1052,1053,1054,1070,1071,1072,1074,1075,1076,1080,1081,1082,1086,1087,1089,1090,1091,1092,1093,1103,1105,1107,1108,1109,1112,1113,1114,1119,1125,1128","45,46,56,58,101,102,109,111,141,157,158,159,160,162,184,221,231,242,243,244,251,272,273,283,287,288,289,365,366,367,374,375,382,383,470,471,484,485,486,491,492,493,497,498,510,612,613,614,693,694,789,827,828,834,835,836,837,840,841,842,843,848,849,868,869,937,940,941,942,946,947,978,984,985,1052,1053,1054,1070,1071,1072,1074,1075,1076,1080,1081,1082,1086,1087,1089,1090,1091,1092,1093,1103,1105,1107,1108,1109,1112,1113,1114,1119,1125","45,46,56,58,101,102,109,111,141,157,158,159,160,162,184,221,231,242,243,244,251,272,273,283,287,288,289,365,366,367,374,375,382,383,470,471,484,485,486,491,492,493,497,498,510,612,613,614,693,694,789,827,828,834,835,836,837,840,841,842,843,848,849,868,869,937,940,941,942,946,947,978,984,985,1052,1053,1054,1070,1071,1072,1074,1075,1076,1080,1081,1082,1086,1087,1089,1090,1091,1092,1093,1103,1105,1107,1125",,"139,140,268,278,284,285,286,290,291,371,372,373,418,419,423,424,454,455,456,457,512,587,588,691,692,708,709,874,900,1152","29,31,87,89,91,162,175,221,232,244,245,258,259,260,261,342,382,383,484,485,486,491,492,493,494,520,521,524,693,694,700,783,834,835,836,837,840,841,842,843,848,849,882,883,884,937,1082,1089,1090,1091,1105,1107,1144","5,29,31,45,46,56,57,58,59,70,72,87,88,89,90,91,92,100,101,102,109,110,111,112,141,157,158,159,160,162,175,176,178,179,180,181,184,221,231,232,242,243,244,245,251,258,259,260,261,272,273,283,287,288,289,342,365,366,367,374,375,382,383,435,470,471,484,485,486,491,492,493,494,497,498,510,520,521,524,533,534,535,540,612,613,614,693,694,700,711,717,783,786,788,789,802,827,828,834,835,836,837,840,841,842,843,848,849,868,869,882,883,884,937,940,941,942,946,947,978,984,985,1012,1052,1053,1054,1070,1071,1072,1074,1075,1076,1080,1081,1082,1086,1087,1089,1090,1091,1092,1093,1103,1105,1107,1108,1109,1112,1113,1114,1119,1125,1128,1144","837,868,869,1092,1093,1125","5,29,31,45,46,56,57,58,59,70,72,87,88,89,90,91,92,100,101,102,109,110,111,112,141,157,158,159,160,162,175,176,178,179,180,181,184,221,231,232,242,243,244,245,251,258,259,260,261,272,273,283,287,288,289,342,365,366,367,374,375,382,383,435,470,471,484,485,486,491,492,493,494,497,498,510,520,521,524,533,534,535,540,612,613,614,693,694,700,711,717,783,786,788,789,802,827,828,834,835,836,837,840,841,842,843,848,849,868,869,882,883,884,937,940,941,942,946,947,978,984,985,1012,1052,1053,1054,1070,1071,1072,1074,1075,1076,1080,1081,1082,1086,1087,1089,1090,1091,1092,1093,1103,1105,1107,1108,1109,1112,1113,1114,1119,1125,1128,1144","5,29,31,57,59,88,90,92,100,101,102,110,112,139,140,141,157,251,268,278,283,365,366,367,371,372,373,418,419,435,454,455,456,457,510,512,587,588,612,613,614,691,692,700,834,835,836,837,874,1012,1074,1152"
203,こらえる,0,"3,4,5,26,27,28,45,46,54,55,56,57,58,59,60,61,62,63,64,65,66,67,68,69,70,71,72,97,98,99,100,101,102,109,110,111,112,113,114,115,116,117,119,120,123,124,125,126,141,152,157,158,159,160,162,165,166,167,168,176,177,178,179,180,181,182,183,184,190,191,192,193,208,210,215,216,217,219,220,221,223,224,225,227,228,231,232,233,234,235,236,237,238,241,242,243,244,249,250,251,253,254,255,256,257,266,269,270,272,273,275,283,287,288,289,321,322,323,324,325,326,327,328,329,330,331,332,339,340,341,345,350,351,359,360,365,366,367,368,369,374,375,376,377,378,379,382,383,396,397,400,404,405,413,414,415,416,442,443,444,448,449,450,451,464,465,466,467,470,471,473,474,477,478,482,483,484,485,486,488,490,491,492,493,495,496,497,498,501,502,504,505,507,508,509,510,518,519,523,526,527,533,534,535,540,544,558,559,560,561,606,607,608,610,611,612,613,614,636,637,638,639,642,643,644,653,654,658,659,662,671,672,678,679,680,681,682,683,693,694,696,697,698,703,704,705,706,707,711,713,717,727,728,729,730,731,732,733,734,735,739,740,741,744,745,746,747,748,749,750,751,770,771,772,773,780,781,782,783,784,785,786,787,788,789,800,801,802,803,804,814,815,816,817,827,828,832,833,834,835,836,837,840,841,842,843,846,847,848,849,852,853,856,857,860,861,862,864,865,868,869,875,878,879,913,914,915,916,917,918,919,920,921,922,923,924,925,926,936,937,940,941,942,944,945,946,947,949,950,951,952,953,958,959,960,961,962,963,964,965,967,974,975,977,978,979,981,982,984,985,991,992,993,1000,1001,1002,1004,1005,1006,1007,1011,1012,1013,1015,1016,1017,1018,1019,1020,1021,1022,1023,1024,1025,1026,1027,1028,1029,1030,1031,1032,1033,1034,1035,1036,1037,1038,1039,1040,1041,1043,1044,1045,1046,1047,1048,1052,1053,1054,1055,1056,1057,1058,1059,1060,1061,1062,1063,1064,1065,1066,1067,1068,1069,1070,1071,1072,1073,1074,1075,1076,1077,1078,1079,1080,1081,1082,1083,1085,1086,1087,1088,1089,1090,1091,1092,1093,1094,1095,1096,1097,1098,1099,1100,1101,1102,1103,1104,1105,1107,1108,1109,1110,1111,1112,1113,1115,1116,1117,1118,1119,1120,1121,1122,1124,1125,1126,1127,1128,1129,1130,1131,1138,1139,1140,1141,1142,1143,1144","26,27,45,46,54,55,56,58,60,63,65,66,67,68,69,71,97,99,101,102,109,111,113,114,115,116,117,119,120,123,125,141,152,157,158,159,160,162,165,166,167,168,182,183,184,208,210,215,216,217,219,220,221,223,224,225,227,228,231,233,234,235,236,238,241,242,243,244,249,251,253,254,256,257,266,269,270,272,273,275,283,287,288,289,321,322,323,324,325,326,327,328,329,330,331,332,339,340,341,345,350,351,359,360,365,366,367,368,369,374,375,376,377,378,379,382,383,396,397,400,404,405,413,414,415,416,442,443,444,448,449,450,451,464,465,466,467,470,471,473,474,477,478,482,483,484,485,486,488,490,491,492,493,495,496,497,498,501,502,504,505,507,508,509,510,518,519,523,526,527,606,607,610,612,613,614,636,638,642,643,644,653,654,658,659,662,671,672,678,679,680,681,682,683,693,694,696,697,703,704,705,706,707,739,740,741,744,745,746,747,748,749,750,751,770,771,772,773,780,781,782,784,785,787,789,800,801,803,804,827,828,832,833,834,835,836,837,840,841,842,843,846,847,848,849,852,853,856,857,860,861,862,864,865,868,869,875,878,879,922,923,924,925,926,936,937,940,941,942,944,945,946,947,949,950,951,952,953,958,959,960,961,962,963,964,965,974,975,977,978,979,981,982,984,985,991,992,993,1021,1022,1023,1024,1025,1026,1027,1028,1029,1030,1031,1032,1033,1034,1035,1036,1037,1038,1039,1040,1041,1043,1044,1045,1046,1047,1048,1052,1053,1054,1055,1056,1057,1058,1059,1060,1061,1062,1063,1064,1065,1066,1067,1068,1069,1070,1071,1072,1073,1074,1075,1076,1077,1078,1079,1080,1081,1082,1083,1085,1086,1087,1088,1089,1090,1091,1092,1093,1094,1095,1096,1097,1098,1099,1100,1101,1102,1103,1104,1105,1107,1108,1109,1110,1111,1112,1113,1115,1116,1117,1118,1119,1120,1121,1122,1124,1125,1126,1127,1128,1129,1130,1131","26,27,45,46,54,55,56,58,60,63,65,66,67,68,69,71,97,99,101,102,109,111,113,114,115,116,117,119,120,123,125,141,152,157,158,159,160,162,165,166,167,168,182,183,184,208,210,215,216,217,219,220,221,223,224,225,227,228,231,233,234,235,236,238,241,242,243,244,249,251,253,254,256,257,266,269,270,272,273,275,283,287,288,289,321,322,323,324,325,326,327,328,329,330,331,332,339,340,341,345,350,351,359,360,365,366,367,368,369,374,375,376,377,378,379,382,383,396,397,400,404,405,413,414,415,416,442,443,444,448,449,450,451,464,465,466,467,470,471,473,474,477,478,482,483,484,485,486,488,490,491,492,493,495,496,497,498,501,502,504,505,507,508,509,510,518,519,523,526,527,606,607,610,612,613,614,636,638,642,643,644,653,654,658,659,662,671,672,678,679,680,681,682,683,693,694,696,697,703,704,705,706,707,739,740,741,744,745,746,747,748,749,750,751,770,771,772,773,780,781,782,784,785,787,789,800,801,803,804,827,828,832,833,834,835,836,837,840,841,842,843,846,847,848,849,852,853,856,857,860,861,862,864,865,868,869,875,878,879,922,923,924,925,926,936,937,940,941,942,944,945,946,947,949,950,951,952,953,958,959,960,961,962,963,964,965,974,975,977,978,979,981,982,984,985,991,992,993,1021,1022,1023,1024,1025,1026,1027,1028,1029,1030,1031,1032,1033,1034,1035,1036,1037,1038,1039,1040,1041,1043,1044,1045,1046,1047,1048,1052,1053,1054,1055,1056,1057,1058,1059,1060,1061,1062,1063,1064,1065,1066,1067,1068,1069,1070,1071,1072,1073,1074,1075,1076,1077,1078,1079,1080,1081,1082,1083,1085,1086,1087,1088,1089,1090,1091,1092,1093,1094,1095,1096,1097,1098,1099,1100,1101,1102,1103,1104,1105,1107,1108,1109,1110,1111,1112,1113,1115,1116,1117,1118,1119,1120,1121,1122,1124,1125,1130,1131","26,27,45,46,54,55,56,58,60,63,65,66,67,68,69,71,97,99,101,102,109,111,113,114,115,116,117,119,120,123,125,141,152,157,158,159,160,162,165,166,167,168,182,183,184,208,210,215,216,217,219,220,221,223,224,225,227,228,231,233,234,235,236,238,241,242,243,244,249,251,253,254,256,257,266,269,270,272,273,275,283,287,288,289,321,322,323,324,325,326,327,328,329,330,331,332,339,340,341,345,350,351,359,360,365,366,367,368,369,374,375,376,377,378,379,382,383,396,397,400,404,405,413,414,415,416,442,443,444,448,449,450,451,464,465,466,467,470,471,473,474,477,478,482,483,484,485,486,488,490,491,492,493,495,496,497,498,501,502,504,505,507,508,509,510,518,519,523,526,527,606,607,610,612,613,614,636,638,642,643,644,653,654,658,659,662,671,672,678,679,680,681,682,683,693,694,696,697,703,704,705,706,707,739,740,741,744,745,746,747,748,749,750,751,770,771,772,773,780,781,782,784,785,787,789,800,801,803,804,827,828,832,833,834,835,836,837,840,841,842,843,846,847,848,849,852,853,856,857,860,861,862,864,865,868,869,875,878,879,922,923,924,925,926,936,937,940,941,942,944,945,946,947,949,950,951,952,953,958,959,960,961,962,963,964,965,974,975,977,978,979,981,982,984,985,991,992,993,1021,1022,1023,1024,1025,1026,1027,1028,1029,1030,1031,1032,1033,1034,1035,1036,1037,1038,1039,1040,1041,1043,1044,1045,1046,1047,1048,1052,1053,1054,1055,1056,1057,1058,1059,1060,1061,1062,1063,1064,1065,1066,1067,1068,1069,1070,1071,1072,1073,1074,1075,1076,1077,1078,1079,1080,1081,1082,1083,1085,1086,1087,1088,1089,1090,1091,1092,1093,1094,1095,1096,1097,1098,1099,1100,1101,1102,1103,1104,1105,1107,1120,1121,1122,1124,1125,1130,1131","124,126,249,250","0,1,2,6,7,8,49,50,51,85,86,105,106,107,108,127,128,129,133,134,139,140,144,145,154,155,163,169,187,188,189,194,195,196,206,207,218,247,248,268,271,274,277,278,280,281,284,285,286,290,291,293,294,295,296,297,298,299,300,301,354,355,371,372,373,418,419,423,424,429,454,455,456,457,512,514,515,522,552,553,554,555,556,557,580,581,587,588,604,605,624,625,640,641,645,646,647,663,664,691,692,708,709,710,715,716,719,720,721,722,755,756,757,766,767,818,819,820,821,822,823,824,825,826,850,851,863,874,891,892,900,972,973,990,1148,1149,1150,1151,1152,1153,1154,1155,1156","24,25,26,27,29,31,39,40,41,43,67,68,69,71,73,74,75,82,83,84,87,89,91,115,116,117,136,137,162,175,197,198,199,200,203,204,208,221,222,226,229,232,244,245,253,254,258,259,260,261,269,270,275,302,303,313,314,315,316,317,318,323,324,325,326,327,342,356,357,368,369,382,383,384,385,392,393,398,399,401,404,405,442,443,444,448,449,450,451,465,472,481,484,485,486,491,492,493,494,495,496,509,517,520,521,523,524,525,526,590,591,592,598,599,600,606,607,610,611,648,649,671,672,675,676,677,688,689,693,694,699,700,783,784,785,787,790,791,803,804,829,830,831,834,835,836,837,838,839,840,841,842,843,848,849,852,853,856,857,878,882,883,884,922,923,936,937,944,945,948,949,950,960,961,962,963,964,965,981,982,983,1011,1014,1015,1016,1040,1041,1068,1069,1082,1089,1090,1091,1102,1105,1107,1138,1139,1140,1141,1142,1143,1144","3,4,5,24,25,26,27,28,29,30,31,32,39,40,41,42,43,44,45,46,54,55,56,57,58,59,60,61,62,63,64,65,66,67,68,69,70,71,72,73,74,75,82,83,84,87,88,89,90,91,92,97,98,99,100,101,102,109,110,111,112,113,114,115,116,117,119,120,123,124,125,126,136,137,138,141,152,157,158,159,160,162,165,166,167,168,175,176,177,178,179,180,181,182,183,184,190,191,192,193,197,198,199,200,203,204,208,210,215,216,217,219,220,221,222,223,224,225,227,228,229,231,232,233,234,235,236,237,238,241,242,243,244,245,249,250,251,253,254,255,256,257,258,259,260,261,266,269,270,272,273,275,283,287,288,289,302,303,313,314,315,316,317,318,321,322,323,324,325,326,327,328,329,330,331,332,339,340,341,342,345,350,351,356,357,359,360,365,366,367,368,369,374,375,376,377,378,379,382,383,384,385,392,393,396,397,398,399,400,401,404,405,413,414,415,416,433,434,435,436,437,438,439,440,441,442,443,444,448,449,450,451,464,465,466,467,470,471,472,473,474,477,478,481,482,483,484,485,486,488,490,491,492,493,494,495,496,497,498,501,502,504,505,507,508,509,510,517,518,519,520,521,523,524,525,526,527,533,534,535,540,544,558,559,560,561,590,591,592,598,599,600,606,607,608,610,611,612,613,614,636,637,638,639,642,643,644,648,649,653,654,658,659,662,671,672,675,676,677,678,679,680,681,682,683,688,689,693,694,696,697,698,699,700,703,704,705,706,707,711,713,717,727,728,729,730,731,732,733,734,735,739,740,741,744,745,746,747,748,749,750,751,770,771,772,773,780,781,782,783,784,785,786,787,788,789,790,791,800,801,802,803,804,814,815,816,817,827,828,829,830,831,832,833,834,835,836,837,838,839,840,841,842,843,846,847,848,849,852,853,856,857,860,861,862,864,865,868,869,875,878,879,882,883,884,913,914,915,916,917,918,919,920,921,922,923,924,925,926,936,937,940,941,942,944,945,946,947,948,949,950,951,952,953,958,959,960,961,962,963,964,965,967,974,975,977,978,979,981,982,983,984,985,991,992,993,1000,1001,1002,1004,1005,1006,1007,1011,1012,1013,1014,1015,1016,1017,1018,1019,1020,1021,1022,1023,1024,1025,1026,1027,1028,1029,1030,1031,1032,1033,1034,1035,1036,1037,1038,1039,1040,1041,1043,1044,1045,1046,1047,1048,1052,1053,1054,1055,1056,1057,1058,1059,1060,1061,1062,1063,1064,1065,1066,1067,1068,1069,1070,1071,1072,1073,1074,1075,1076,1077,1078,1079,1080,1081,1082,1083,1085,1086,1087,1088,1089,1090,1091,1092,1093,1094,1095,1096,1097,1098,1099,1100,1101,1102,1103,1104,1105,1107,1108,1109,1110,1111,1112,1113,1115,1116,1117,1118,1119,1120,1121,1122,1124,1125,1126,1127,1128,1129,1130,1131,1138,1139,1140,1141,1142,1143,1144","115,116,117,193,238,345,473,474,490,525,526,527,637,639,675,676,677,790,791,816,837,868,869,878,958,959,991,992,993,1007,1015,1016,1026,1057,1066,1067,1092,1093,1102,1111,1124,1125,1139,1140","3,4,5,24,25,26,27,28,29,30,31,32,39,40,41,42,43,44,45,46,54,55,56,57,58,59,60,61,62,63,64,65,66,67,68,69,70,71,72,73,74,75,82,83,84,87,88,89,90,91,92,97,98,99,100,101,102,109,110,111,112,113,114,115,116,117,119,120,123,124,125,126,136,137,138,141,152,157,158,159,160,162,165,166,167,168,175,176,177,178,179,180,181,182,183,184,190,191,192,193,197,198,199,200,203,204,208,210,215,216,217,219,220,221,222,223,224,225,227,228,229,231,232,233,234,235,236,237,238,241,242,243,244,245,249,250,251,253,254,255,256,257,258,259,260,261,266,269,270,272,273,275,283,287,288,289,302,303,313,314,315,316,317,318,321,322,323,324,325,326,327,328,329,330,331,332,339,340,341,342,345,350,351,356,357,359,360,365,366,367,368,369,374,375,376,377,378,379,382,383,384,385,392,393,396,397,398,399,400,401,404,405,413,414,415,416,433,434,435,436,437,438,439,440,441,442,443,444,448,449,450,451,464,465,466,467,470,471,472,473,474,477,478,481,482,483,484,485,486,488,490,491,492,493,494,495,496,497,498,501,502,504,505,507,508,509,510,517,518,519,520,521,523,524,525,526,527,533,534,535,540,544,558,559,560,561,590,591,592,598,599,600,606,607,608,610,611,612,613,614,636,637,638,639,642,643,644,648,649,653,654,658,659,662,671,672,675,676,677,678,679,680,681,682,683,688,689,693,694,696,697,698,699,700,703,704,705,706,707,711,713,717,727,728,729,730,731,732,733,734,735,739,740,741,744,745,746,747,748,749,750,751,770,771,772,773,780,781,782,783,784,785,786,787,788,789,790,791,800,801,802,803,804,814,815,816,817,827,828,829,830,831,832,833,834,835,836,837,838,839,840,841,842,843,846,847,848,849,852,853,856,857,860,861,862,864,865,868,869,875,878,879,882,883,884,913,914,915,916,917,918,919,920,921,922,923,924,925,926,936,937,940,941,942,944,945,946,947,948,949,950,951,952,953,958,959,960,961,962,963,964,965,967,974,975,977,978,979,981,982,983,984,985,991,992,993,1000,1001,1002,1004,1005,1006,1007,1011,1012,1013,1014,1015,1016,1017,1018,1019,1020,1021,1022,1023,1024,1025,1026,1027,1028,1029,1030,1031,1032,1033,1034,1035,1036,1037,1038,1039,1040,1041,1043,1044,1045,1046,1047,1048,1052,1053,1054,1055,1056,1057,1058,1059,1060,1061,1062,1063,1064,1065,1066,1067,1068,1069,1070,1071,1072,1073,1074,1075,1076,1077,1078,1079,1080,1081,1082,1083,1085,1086,1087,1088,1089,1090,1091,1092,1093,1094,1095,1096,1097,1098,1099,1100,1101,1102,1103,1104,1105,1107,1108,1109,1110,1111,1112,1113,1115,1116,1117,1118,1119,1120,1121,1122,1124,1125,1126,1127,1128,1129,1130,1131,1132,1134,1138,1139,1140,1141,1142,1143,1144","0,1,2,3,4,5,6,7,8,29,31,42,44,49,50,51,54,55,57,59,85,86,88,90,92,98,100,101,102,105,106,107,108,110,112,127,128,129,133,134,139,140,141,144,145,152,154,155,157,163,169,187,188,189,190,191,192,194,195,196,206,207,218,236,241,247,248,249,251,268,271,274,277,278,280,281,283,293,294,295,296,297,298,299,300,301,330,331,332,354,355,365,366,367,371,372,373,376,377,378,379,413,418,419,433,434,435,436,437,438,439,440,441,454,455,456,457,488,504,505,507,508,510,512,514,515,522,527,552,553,554,555,556,557,558,559,560,580,581,587,588,604,605,612,613,614,624,625,640,641,642,643,644,645,646,647,653,654,662,663,664,671,672,678,679,680,681,682,691,692,696,697,699,700,727,728,729,730,731,732,733,734,735,739,740,741,745,746,755,756,757,766,767,814,815,816,818,819,820,821,822,823,824,825,826,832,833,834,835,836,837,850,851,863,874,879,913,914,915,916,917,918,919,920,921,958,959,972,973,990,1012,1073,1074,1104,1148,1149,1150,1151,1152,1153,1154,1155,1156"
207,いばる,0,"62,67,68,119,120,157,158,159,160,236,237,332,379,449,450,451,464,478,501,502,507,508,612,613,614,682,711,713,857,862,924,925,926,952,953,963,964,965,967,984,1048,1062,1063,1064,1086,1087,1102,1129,1143","67,68,119,120,157,158,159,160,236,332,379,449,450,451,464,478,501,502,507,508,612,613,614,682,857,862,924,925,926,952,953,963,964,965,984,1048,1062,1063,1064,1086,1087,1102,1129","67,68,119,120,157,158,159,160,236,332,379,449,450,451,464,478,501,502,507,508,612,613,614,682,857,862,924,925,926,952,953,963,964,965,984,1048,1062,1063,1064,1086,1087,1102","67,68,119,120,157,158,159,160,236,332,379,449,450,451,464,478,501,502,507,508,612,613,614,682,857,862,924,925,926,952,953,963,964,965,984,1048,1062,1063,1064,1086,1087,1102",,"285,456,457,624,625,766,767,818,819,820","67,68,222,302,303,317,318,356,449,450,451,857,963,964,965,983,1102,1143","62,67,68,119,120,157,158,159,160,222,236,237,302,303,317,318,332,356,379,439,440,441,449,450,451,464,478,501,502,507,508,612,613,614,682,711,713,857,862,924,925,926,952,953,963,964,965,967,983,984,1048,1062,1063,1064,1086,1087,1102,1129,1143",1102,"62,67,68,119,120,157,158,159,160,222,236,237,302,303,317,318,332,356,379,439,440,441,449,450,451,464,478,501,502,507,508,612,613,614,682,711,713,857,862,924,925,926,952,953,963,964,965,967,983,984,1048,1062,1063,1064,1086,1087,1102,1129,1143","157,236,332,379,439,440,441,456,457,507,508,612,613,614,624,625,682,766,767,818,819,820"
208,ミルクのみ,0,"750,751","750,751","750,751","750,751",,,,"750,751",,"750,751",
212,くろいまなざし,0,"109,110,115,116,117,234,235,238,241,323,345,642,693,781,1111,1126,1127,1128,1129","109,115,116,117,234,235,238,241,323,345,642,693,781,1111,1126,1127,1128,1129","109,115,116,117,234,235,238,241,323,345,642,693,781,1111","109,115,116,117,234,235,238,241,323,345,642,693,781",,"552,756","115,116,117,323,398,399,525,693,699","109,110,115,116,117,234,235,238,241,323,345,398,399,525,642,693,699,781,1111,1126,1127,1128,1129","115,116,117,238,345,525,1111","109,110,115,116,117,234,235,238,241,323,345,398,399,525,642,693,699,781,1111,1126,1127,1128,1129","110,241,552,642,699,756"
213,メロメロ,0,"413,504,505,834,835,836,837,977,1143","413,504,505,834,835,836,837,977","413,504,505,834,835,836,837,977","413,504,505,834,835,836,837,977",,"972,973","357,393,699,700,834,835,836,837,1143","357,393,413,504,505,699,700,834,835,836,837,977,1143",837,"357,393,413,504,505,699,700,834,835,836,837,977,1143","413,504,505,699,700,834,835,836,837,972,973"
214,ねごと,0,"3,4,5,26,27,28,45,46,54,55,56,57,58,59,60,61,62,63,64,65,66,67,68,69,70,71,72,97,98,99,100,101,102,109,110,111,112,113,114,115,116,117,119,120,123,124,125,126,141,152,157,158,159,160,162,165,166,167,168,176,177,178,179,180,181,182,183,184,190,191,192,193,208,210,215,216,217,219,220,221,223,224,225,227,228,231,232,233,234,235,236,237,238,241,242,243,244,249,250,251,253,254,255,256,257,266,269,270,272,273,275,283,287,288,289,321,322,323,324,325,326,327,328,329,330,331,332,339,340,341,345,350,351,359,360,365,366,367,368,369,374,375,376,377,378,379,382,383,396,397,400,404,405,413,414,415,416,442,443,444,448,449,450,451,463,464,465,466,467,470,471,473,474,477,478,482,483,484,485,486,488,490,491,492,493,495,496,497,498,501,502,504,505,507,508,509,510,518,519,523,526,527,533,534,535,540,544,558,559,560,561,606,607,608,610,611,612,613,614,636,637,638,639,642,643,644,653,654,658,659,662,671,672,678,679,680,681,682,683,693,694,696,697,698,703,704,705,706,707,711,713,717,727,728,729,730,731,732,733,734,735,739,740,741,744,745,746,747,748,749,750,751,770,771,772,773,780,781,782,783,784,785,786,787,788,789,800,801,802,803,804,814,815,816,817,827,828,832,833,834,835,836,837,840,841,842,843,846,847,848,849,852,853,856,857,860,861,862,864,865,868,869,875,878,879,913,914,915,916,917,918,919,920,921,922,923,924,925,926,936,937,940,941,942,944,945,946,947,949,950,951,952,953,958,959,960,961,962,963,964,965,967,974,975,976,977,978,979,981,982,984,985,991,992,993,1000,1001,1002,1004,1005,1006,1007,1011,1012,1013,1015,1016,1017,1018,1019,1020,1021,1022,1023,1024,1025,1026,1027,1028,1029,1030,1031,1032,1033,1034,1035,1036,1037,1038,1039,1040,1041,1043,1044,1045,1046,1047,1048,1052,1053,1054,1055,1056,1057,1058,1059,1060,1061,1062,1063,1064,1065,1066,1067,1068,1069,1070,1071,1072,1073,1074,1075,1076,1077,1078,1079,1080,1081,1082,1083,1085,1086,1087,1088,1089,1090,1091,1092,1093,1094,1095,1096,1097,1098,1099,1100,1101,1102,1103,1104,1105,1107,1108,1109,1110,1111,1112,1113,1114,1115,1116,1117,1118,1119,1120,1121,1122,1124,1125,1126,1127,1128,1129,1130,1131,1138,1139,1140,1141,1142,1143,1144","26,27,45,46,54,55,56,58,60,63,65,66,67,68,69,71,97,99,101,102,109,111,113,114,115,116,117,119,120,123,125,141,152,157,158,159,160,162,165,166,167,168,182,183,184,208,210,215,216,217,219,220,221,223,224,225,227,228,231,233,234,235,236,238,241,242,243,244,249,251,253,254,256,257,266,269,270,272,273,275,283,287,288,289,321,322,323,324,325,326,327,328,329,330,331,332,339,340,341,345,350,351,359,360,365,366,367,368,369,374,375,376,377,378,379,382,383,396,397,400,404,405,413,414,415,416,442,443,444,448,449,450,451,463,464,465,466,467,470,471,473,474,477,478,482,483,484,485,486,488,490,491,492,493,495,496,497,498,501,502,504,505,507,508,509,510,518,519,523,526,527,606,607,610,612,613,614,636,638,642,643,644,653,654,658,659,662,671,672,678,679,680,681,682,683,693,694,696,697,703,704,705,706,707,739,740,741,744,745,746,747,748,749,750,751,770,771,772,773,780,781,782,784,785,787,789,800,801,803,804,827,828,832,833,834,835,836,837,840,841,842,843,846,847,848,849,852,853,856,857,860,861,862,864,865,868,869,875,878,879,922,923,924,925,926,936,937,940,941,942,944,945,946,947,949,950,951,952,953,958,959,960,961,962,963,964,965,974,975,976,977,978,979,981,982,984,985,991,992,993,1021,1022,1023,1024,1025,1026,1027,1028,1029,1030,1031,1032,1033,1034,1035,1036,1037,1038,1039,1040,1041,1043,1044,1045,1046,1047,1048,1052,1053,1054,1055,1056,1057,1058,1059,1060,1061,1062,1063,1064,1065,1066,1067,1068,1069,1070,1071,1072,1073,1074,1075,1076,1077,1078,1079,1080,1081,1082,1083,1085,1086,1087,1088,1089,1090,1091,1092,1093,1094,1095,1096,1097,1098,1099,1100,1101,1102,1103,1104,1105,1107,1108,1109,1110,1111,1112,1113,1114,1115,1116,1117,1118,1119,1120,1121,1122,1124,1125,1126,1127,1128,1129,1130,1131","26,27,45,46,54,55,56,58,60,63,65,66,67,68,69,71,97,99,101,102,109,111,113,114,115,116,117,119,120,123,125,141,152,157,158,159,160,162,165,166,167,168,182,183,184,208,210,215,216,217,219,220,221,223,224,225,227,228,231,233,234,235,236,238,241,242,243,244,249,251,253,254,256,257,266,269,270,272,273,275,283,287,288,289,321,322,323,324,325,326,327,328,329,330,331,332,339,340,341,345,350,351,359,360,365,366,367,368,369,374,375,376,377,378,379,382,383,396,397,400,404,405,413,414,415,416,442,443,444,448,449,450,451,463,464,465,466,467,470,471,473,474,477,478,482,483,484,485,486,488,490,491,492,493,495,496,497,498,501,502,504,505,507,508,509,510,518,519,523,526,527,606,607,610,612,613,614,636,638,642,643,644,653,654,658,659,662,671,672,678,679,680,681,682,683,693,694,696,697,703,704,705,706,707,739,740,741,744,745,746,747,748,749,750,751,770,771,772,773,780,781,782,784,785,787,789,800,801,803,804,827,828,832,833,834,835,836,837,840,841,842,843,846,847,848,849,852,853,856,857,860,861,862,864,865,868,869,875,878,879,922,923,924,925,926,936,937,940,941,942,944,945,946,947,949,950,951,952,953,958,959,960,961,962,963,964,965,974,975,976,977,978,979,981,982,984,985,991,992,993,1021,1022,1023,1024,1025,1026,1027,1028,1029,1030,1031,1032,1033,1034,1035,1036,1037,1038,1039,1040,1041,1043,1044,1045,1046,1047,1048,1052,1053,1054,1055,1056,1057,1058,1059,1060,1061,1062,1063,1064,1065,1066,1067,1068,1069,1070,1071,1072,1073,1074,1075,1076,1077,1078,1079,1080,1081,1082,1083,1085,1086,1087,1088,1089,1090,1091,1092,1093,1094,1095,1096,1097,1098,1099,1100,1101,1102,1103,1104,1105,1107,1108,1109,1110,1111,1112,1113,1114,1115,1116,1117,1118,1119,1120,1121,1122,1124,1125,1130,1131","26,27,45,46,54,55,56,58,60,63,65,66,67,68,69,71,97,99,101,102,109,111,113,114,115,116,117,119,120,123,125,141,152,157,158,159,160,162,165,166,167,168,182,183,184,208,210,215,216,217,219,220,221,223,224,225,227,228,231,233,234,235,236,238,241,242,243,244,249,251,253,254,256,257,266,269,270,272,273,275,283,287,288,289,321,322,323,324,325,326,327,328,329,330,331,332,339,340,341,345,350,351,359,360,365,366,367,368,369,374,375,376,377,378,379,382,383,396,397,400,404,405,413,414,415,416,442,443,444,448,449,450,451,463,464,465,466,467,470,471,473,474,477,478,482,483,484,485,486,488,490,491,492,493,495,496,497,498,501,502,504,505,507,508,509,510,518,519,523,526,527,606,607,610,612,613,614,636,638,642,643,644,653,654,658,659,662,671,672,678,679,680,681,682,683,693,694,696,697,703,704,705,706,707,739,740,741,744,745,746,747,748,749,750,751,770,771,772,773,780,781,782,784,785,787,789,800,801,803,804,827,828,832,833,834,835,836,837,840,841,842,843,846,847,848,849,852,853,856,857,860,861,862,864,865,868,869,875,878,879,922,923,924,925,926,936,937,940,941,942,944,945,946,947,949,950,951,952,953,958,959,960,961,962,963,964,965,974,975,976,977,978,979,981,982,984,985,991,992,993,1021,1022,1023,1024,1025,1026,1027,1028,1029,1030,1031,1032,1033,1034,1035,1036,1037,1038,1039,1040,1041,1043,1044,1045,1046,1047,1048,1052,1053,1054,1055,1056,1057,1058,1059,1060,1061,1062,1063,1064,1065,1066,1067,1068,1069,1070,1071,1072,1073,1074,1075,1076,1077,1078,1079,1080,1081,1082,1083,1085,1086,1087,1088,1089,1090,1091,1092,1093,1094,1095,1096,1097,1098,1099,1100,1101,1102,1103,1104,1105,1107,1120,1121,1122,1124,1125,1130,1131","124,126,249,250","0,1,2,6,7,8,49,50,51,85,86,105,106,107,108,127,128,129,133,134,139,140,144,145,154,155,163,169,187,188,189,194,195,196,206,207,218,247,248,268,271,274,277,278,280,281,284,285,286,290,291,293,294,295,296,297,298,299,300,301,354,355,371,372,373,418,419,423,424,429,454,455,456,457,512,514,515,522,552,553,554,555,556,557,580,581,587,588,604,605,624,625,640,641,645,646,647,663,664,691,692,708,709,710,715,716,719,720,721,722,755,756,757,766,767,818,819,820,821,822,823,824,825,826,850,851,863,874,891,892,900,972,973,990,1148,1149,1150,1151,1152,1153,1154,1155,1156","24,25,26,27,29,31,39,40,41,43,67,68,69,71,73,74,75,82,83,84,87,89,91,115,116,117,136,137,162,175,197,198,199,200,203,204,208,221,222,226,229,232,244,245,253,254,258,259,260,261,269,270,275,302,303,313,314,315,316,317,318,323,324,325,326,327,342,356,357,368,369,382,383,384,385,392,393,398,399,401,404,405,442,443,444,448,449,450,451,465,472,481,484,485,486,491,492,493,494,495,496,509,517,520,521,523,524,525,526,590,591,592,598,599,600,606,607,610,611,648,649,671,672,675,676,677,688,689,693,694,699,700,783,784,785,787,790,791,803,804,829,830,831,834,835,836,837,838,839,840,841,842,843,848,849,852,853,856,857,878,882,883,884,922,923,936,937,944,945,948,949,950,960,961,962,963,964,965,981,982,983,1011,1014,1015,1016,1040,1041,1068,1069,1082,1089,1090,1091,1102,1105,1107,1138,1139,1140,1141,1142,1143,1144","3,4,5,24,25,26,27,28,29,30,31,32,39,40,41,42,43,44,45,46,54,55,56,57,58,59,60,61,62,63,64,65,66,67,68,69,70,71,72,73,74,75,82,83,84,87,88,89,90,91,92,97,98,99,100,101,102,109,110,111,112,113,114,115,116,117,119,120,123,124,125,126,136,137,138,141,152,157,158,159,160,162,165,166,167,168,175,176,177,178,179,180,181,182,183,184,190,191,192,193,197,198,199,200,203,204,208,210,215,216,217,219,220,221,222,223,224,225,227,228,229,231,232,233,234,235,236,237,238,241,242,243,244,245,249,250,251,253,254,255,256,257,258,259,260,261,266,269,270,272,273,275,283,287,288,289,302,303,313,314,315,316,317,318,321,322,323,324,325,326,327,328,329,330,331,332,339,340,341,342,345,350,351,356,357,359,360,365,366,367,368,369,374,375,376,377,378,379,382,383,384,385,392,393,396,397,398,399,400,401,404,405,413,414,415,416,433,434,435,436,437,438,439,440,441,442,443,444,448,449,450,451,463,464,465,466,467,470,471,472,473,474,477,478,481,482,483,484,485,486,488,490,491,492,493,494,495,496,497,498,501,502,504,505,507,508,509,510,517,518,519,520,521,523,524,525,526,527,533,534,535,540,544,558,559,560,561,590,591,592,598,599,600,606,607,608,610,611,612,613,614,636,637,638,639,642,643,644,648,649,653,654,658,659,662,671,672,675,676,677,678,679,680,681,682,683,688,689,693,694,696,697,698,699,700,703,704,705,706,707,711,713,717,727,728,729,730,731,732,733,734,735,739,740,741,744,745,746,747,748,749,750,751,770,771,772,773,780,781,782,783,784,785,786,787,788,789,790,791,800,801,802,803,804,814,815,816,817,827,828,829,830,831,832,833,834,835,836,837,838,839,840,841,842,843,846,847,848,849,852,853,856,857,860,861,862,864,865,868,869,875,878,879,882,883,884,913,914,915,916,917,918,919,920,921,922,923,924,925,926,936,937,940,941,942,944,945,946,947,948,949,950,951,952,953,958,959,960,961,962,963,964,965,967,974,975,976,977,978,979,981,982,983,984,985,991,992,993,1000,1001,1002,1004,1005,1006,1007,1011,1012,1013,1014,1015,1016,1017,1018,1019,1020,1021,1022,1023,1024,1025,1026,1027,1028,1029,1030,1031,1032,1033,1034,1035,1036,1037,1038,1039,1040,1041,1043,1044,1045,1046,1047,1048,1052,1053,1054,1055,1056,1057,1058,1059,1060,1061,1062,1063,1064,1065,1066,1067,1068,1069,1070,1071,1072,1073,1074,1075,1076,1077,1078,1079,1080,1081,1082,1083,1085,1086,1087,1088,1089,1090,1091,1092,1093,1094,1095,1096,1097,1098,1099,1100,1101,1102,1103,1104,1105,1107,1108,1109,1110,1111,1112,1113,1114,1115,1116,1117,1118,1119,1120,1121,1122,1124,1125,1126,1127,1128,1129,1130,1131,1138,1139,1140,1141,1142,1143,1144","115,116,117,193,238,345,473,474,490,525,526,527,637,639,675,676,677,790,791,816,837,868,869,878,958,959,991,992,993,1007,1015,1016,1026,1057,1066,1067,1092,1093,1102,1111,1124,1125,1139,1140","3,4,5,24,25,26,27,28,29,30,31,32,39,40,41,42,43,44,45,46,54,55,56,57,58,59,60,61,62,63,64,65,66,67,68,69,70,71,72,73,74,75,82,83,84,87,88,89,90,91,92,97,98,99,100,101,102,109,110,111,112,113,114,115,116,117,119,120,123,124,125,126,136,137,138,141,152,157,158,159,160,162,165,166,167,168,175,176,177,178,179,180,181,182,183,184,190,191,192,193,197,198,199,200,203,204,208,210,215,216,217,219,220,221,222,223,224,225,227,228,229,231,232,233,234,235,236,237,238,241,242,243,244,245,249,250,251,253,254,255,256,257,258,259,260,261,266,269,270,272,273,275,283,287,288,289,302,303,313,314,315,316,317,318,321,322,323,324,325,326,327,328,329,330,331,332,339,340,341,342,345,350,351,356,357,359,360,365,366,367,368,369,374,375,376,377,378,379,382,383,384,385,392,393,396,397,398,399,400,401,404,405,413,414,415,416,433,434,435,436,437,438,439,440,441,442,443,444,448,449,450,451,463,464,465,466,467,470,471,472,473,474,477,478,481,482,483,484,485,486,488,490,491,492,493,494,495,496,497,498,501,502,504,505,507,508,509,510,517,518,519,520,521,523,524,525,526,527,533,534,535,540,544,558,559,560,561,590,591,592,598,599,600,606,607,608,610,611,612,613,614,636,637,638,639,642,643,644,648,649,653,654,658,659,662,671,672,675,676,677,678,679,680,681,682,683,688,689,693,694,696,697,698,699,700,703,704,705,706,707,711,713,717,727,728,729,730,731,732,733,734,735,739,740,741,744,745,746,747,748,749,750,751,770,771,772,773,780,781,782,783,784,785,786,787,788,789,790,791,800,801,802,803,804,814,815,816,817,827,828,829,830,831,832,833,834,835,836,837,838,839,840,841,842,843,846,847,848,849,852,853,856,857,860,861,862,864,865,868,869,875,878,879,882,883,884,913,914,915,916,917,918,919,920,921,922,923,924,925,926,936,937,940,941,942,944,945,946,947,948,949,950,951,952,953,958,959,960,961,962,963,964,965,967,974,975,976,977,978,979,981,982,983,984,985,991,992,993,1000,1001,1002,1004,1005,1006,1007,1011,1012,1013,1014,1015,1016,1017,1018,1019,1020,1021,1022,1023,1024,1025,1026,1027,1028,1029,1030,1031,1032,1033,1034,1035,1036,1037,1038,1039,1040,1041,1043,1044,1045,1046,1047,1048,1052,1053,1054,1055,1056,1057,1058,1059,1060,1061,1062,1063,1064,1065,1066,1067,1068,1069,1070,1071,1072,1073,1074,1075,1076,1077,1078,1079,1080,1081,1082,1083,1085,1086,1087,1088,1089,1090,1091,1092,1093,1094,1095,1096,1097,1098,1099,1100,1101,1102,1103,1104,1105,1107,1108,1109,1110,1111,1112,1113,1114,1115,1116,1117,1118,1119,1120,1121,1122,1124,1125,1126,1127,1128,1129,1130,1131,1132,1134,1138,1139,1140,1141,1142,1143,1144","0,1,2,3,4,5,6,7,8,29,31,42,44,49,50,51,54,55,57,59,85,86,88,90,92,98,100,101,102,105,106,107,108,110,112,127,128,129,133,134,139,140,141,144,145,152,154,155,157,163,169,187,188,189,190,191,192,194,195,196,206,207,218,236,241,247,248,249,251,268,271,274,277,278,280,281,283,293,294,295,296,297,298,299,300,301,330,331,332,354,355,365,366,367,371,372,373,376,377,378,379,413,418,419,433,434,435,436,437,438,439,440,441,454,455,456,457,488,504,505,507,508,510,512,514,515,522,527,552,553,554,555,556,557,558,559,560,580,581,587,588,604,605,612,613,614,624,625,640,641,642,643,644,645,646,647,653,654,662,663,664,671,672,678,679,680,681,682,691,692,696,697,699,700,727,728,729,730,731,732,733,734,735,739,740,741,745,746,755,756,757,766,767,814,815,816,818,819,820,821,822,823,824,825,826,832,833,834,835,836,837,850,851,863,874,879,913,914,915,916,917,918,919,920,921,958,959,972,973,990,1012,1073,1074,1104,1148,1149,1150,1151,1152,1153,1154,1155,1156"
215,いやしのすず,0,488,488,488,488,,,401,"401,488",,"401,488",488
219,しんぴのまもり,0,"180,181,182,183,184,376,377,413,484,485,504,505,533,534,535,544,662,744,747,748,749,834,835,836,837,1047,1074","182,183,184,376,377,413,484,485,504,505,662,744,747,748,749,834,835,836,837,1047,1074","182,183,184,376,377,413,484,485,504,505,662,744,747,748,749,834,835,836,837,1047,1074","182,183,184,376,377,413,484,485,504,505,662,744,747,748,749,834,835,836,837,1047,1074",,"107,108,187,188,189,290,291","41,43,393,401,484,485,834,835,836,837","41,43,180,181,182,183,184,376,377,393,401,413,484,485,504,505,533,534,535,544,662,744,747,748,749,834,835,836,837,1047,1074",837,"41,43,180,181,182,183,184,376,377,393,401,413,484,485,504,505,533,534,535,544,662,744,747,748,749,834,835,836,837,1047,1074","107,108,187,188,189,376,377,413,504,505,662,834,835,836,837,1074"
220,いたみわけ,0,"45,46,60,63,109,110,111,112,115,116,117,181,210,238,242,243,244,249,250,269,270,323,324,325,345,350,351,359,360,396,397,470,471,473,474,477,490,523,526,527,533,534,636,637,638,639,662,727,728,729,846,847,864,865,868,869,878,879,959,962,975,1007,1015,1016,1018,1034,1063,1066,1067,1068,1069,1081,1092,1093,1097,1105,1111,1139,1140","45,46,60,63,109,111,115,116,117,210,238,242,243,244,249,269,270,323,324,325,345,350,351,359,360,396,397,470,471,473,474,477,490,523,526,527,636,638,662,846,847,864,865,868,869,878,879,959,962,975,1034,1063,1066,1067,1068,1069,1081,1092,1093,1097,1105,1111","45,46,60,63,109,111,115,116,117,210,238,242,243,244,249,269,270,323,324,325,345,350,351,359,360,396,397,470,471,473,474,477,490,523,526,527,636,638,662,846,847,864,865,868,869,878,879,959,962,975,1034,1063,1066,1067,1068,1069,1081,1092,1093,1097,1105,1111","45,46,60,63,109,111,115,116,117,210,238,242,243,244,249,269,270,323,324,325,345,350,351,359,360,396,397,470,471,473,474,477,490,523,526,527,636,638,662,846,847,864,865,868,869,878,879,959,962,975,1034,1063,1066,1067,1068,1069,1081,1092,1093,1097,1105","249,250","429,645,646,647,722,863,973","25,41,43,115,116,117,136,137,244,258,259,269,270,323,324,325,342,398,399,523,524,525,526,675,676,677,790,791,878,962,1015,1016,1068,1069,1105,1139,1140","25,41,42,43,44,45,46,60,63,109,110,111,112,115,116,117,136,137,138,181,210,238,242,243,244,249,250,258,259,269,270,323,324,325,342,345,350,351,359,360,396,397,398,399,470,471,473,474,477,490,523,524,525,526,527,533,534,636,637,638,639,662,675,676,677,727,728,729,790,791,846,847,864,865,868,869,878,879,959,962,975,1007,1015,1016,1018,1034,1063,1066,1067,1068,1069,1081,1092,1093,1097,1105,1111,1139,1140","115,116,117,238,345,473,474,490,525,526,527,637,639,675,676,677,790,791,868,869,878,959,1007,1015,1016,1066,1067,1092,1093,1111,1139,1140","25,41,42,43,44,45,46,60,63,109,110,111,112,115,116,117,136,137,138,181,210,238,242,243,244,249,250,258,259,269,270,323,324,325,342,345,350,351,359,360,396,397,398,399,470,471,473,474,477,490,523,524,525,526,527,533,534,636,637,638,639,662,675,676,677,727,728,729,790,791,846,847,864,865,868,869,878,879,959,962,975,1007,1015,1016,1018,1034,1063,1066,1067,1068,1069,1081,1092,1093,1097,1105,1111,1139,1140","42,44,110,112,249,527,645,646,647,662,727,728,729,863,879,959,973"
226,バトンタッチ,0,"45,46,54,55,120,152,165,166,167,168,178,223,224,225,233,234,241,244,251,266,326,327,350,351,378,448,466,467,473,474,501,502,509,518,519,533,534,535,653,654,662,747,748,749,780,781,815,816,817,834,835,836,837,865,916,917,918,920,921,958,959,960,961,962,967,982,991,992,993,1012,1027,1028,1029,1037,1038,1039,1040,1041,1043,1044,1064,1065,1075,1076,1099,1100,1101,1104,1105,1109,1142","45,46,54,55,120,152,165,166,167,168,223,224,225,233,234,241,244,251,266,326,327,350,351,378,448,466,467,473,474,501,502,509,518,519,653,654,662,747,748,749,780,781,834,835,836,837,865,958,959,960,961,962,982,991,992,993,1027,1028,1029,1037,1038,1039,1040,1041,1043,1044,1064,1065,1075,1076,1099,1100,1101,1104,1105,1109","45,46,54,55,120,152,165,166,167,168,223,224,225,233,234,241,244,251,266,326,327,350,351,378,448,466,467,473,474,501,502,509,518,519,653,654,662,747,748,749,780,781,834,835,836,837,865,958,959,960,961,962,982,991,992,993,1027,1028,1029,1037,1038,1039,1040,1041,1043,1044,1064,1065,1075,1076,1099,1100,1101,1104,1105,1109","45,46,54,55,120,152,165,166,167,168,223,224,225,233,234,241,244,251,266,326,327,350,351,378,448,466,467,473,474,501,502,509,518,519,653,654,662,747,748,749,780,781,834,835,836,837,865,958,959,960,961,962,982,991,992,993,1027,1028,1029,1037,1038,1039,1040,1041,1043,1044,1064,1065,1075,1076,1099,1100,1101,1104,1105",,"105,106,133,134,218,278,296,297,298,354,355,423,424,580,581,640,641,722,756,757,766,767,820","39,40,41,43,75,197,198,203,204,226,244,245,326,327,356,357,401,448,472,481,509,520,598,599,600,688,689,829,830,831,834,835,836,837,838,839,960,961,962,982,983,1040,1041,1105,1142","39,40,41,42,43,44,45,46,54,55,75,120,152,165,166,167,168,178,197,198,203,204,223,224,225,233,234,241,244,245,251,266,326,327,350,351,356,357,378,401,448,466,467,472,473,474,481,501,502,509,518,519,520,533,534,535,598,599,600,653,654,662,688,689,747,748,749,780,781,815,816,817,829,830,831,834,835,836,837,838,839,865,916,917,918,920,921,958,959,960,961,962,967,982,983,991,992,993,1012,1027,1028,1029,1037,1038,1039,1040,1041,1043,1044,1064,1065,1075,1076,1099,1100,1101,1104,1105,1109,1142","473,474,816,837,958,959,991,992,993","39,40,41,42,43,44,45,46,54,55,75,120,152,165,166,167,168,178,197,198,203,204,223,224,225,233,234,241,244,245,251,266,326,327,350,351,356,357,378,401,448,466,467,472,473,474,481,501,502,509,518,519,520,533,534,535,598,599,600,653,654,662,688,689,747,748,749,780,781,815,816,817,829,830,831,834,835,836,837,838,839,865,916,917,918,920,921,958,959,960,961,962,967,982,983,991,992,993,1012,1027,1028,1029,1037,1038,1039,1040,1041,1043,1044,1064,1065,1075,1076,1099,1100,1101,1104,1105,1109,1142","42,44,54,55,105,106,133,134,152,218,241,251,278,296,297,298,354,355,378,580,581,640,641,653,654,662,756,757,766,767,815,816,820,834,835,836,837,916,917,918,920,921,958,959,1012,1104"
230,あまいかおり,0,"256,257,326,327,400,463,464,606,658,659,852,853,856,857,860,861,862,945,958,959,1013,1043,1045,1046,1047,1138","256,257,326,327,400,463,464,606,658,659,852,853,856,857,860,861,862,945,958,959,1043,1045,1046,1047","256,257,326,327,400,463,464,606,658,659,852,853,856,857,860,861,862,945,958,959,1043,1045,1046,1047","256,257,326,327,400,463,464,606,658,659,852,853,856,857,860,861,862,945,958,959,1043,1045,1046,1047",,"0,1,2,49,50,51,187,188,189,218,552,863,972,973,1149","82,83,84,313,326,327,357,606,838,839,852,853,856,857,945,1138","82,83,84,256,257,313,326,327,357,400,463,464,606,658,659,838,839,852,853,856,857,860,861,862,945,958,959,1013,1043,1045,1046,1047,1138","958,959","82,83,84,256,257,313,326,327,357,400,463,464,606,658,659,838,839,852,853,856,857,860,861,862,945,958,959,1013,1043,1045,1046,1047,1138","0,1,2,49,50,51,187,188,189,218,552,863,958,959,972,973,1149"
234,あさのひざし,0,"54,69,70,227,233,706,1112,1118","54,69,227,233,706,1112,1118","54,69,227,233,706,1112,1118","54,69,227,233,706",,"891,900,1150",69,"54,69,70,227,233,706,1112,1118",,"54,69,70,227,233,706,1112,1118","54,1150"
235,こうごうせい,0,"223,224,225,227,400,518,606,607,608,653,658,659,727,747,748,749,750,751,814,815,816,817,852,853,860,1045,1110,1144","223,224,225,227,400,518,606,607,653,658,659,747,748,749,750,751,852,853,860,1045,1110","223,224,225,227,400,518,606,607,653,658,659,747,748,749,750,751,852,853,860,1045,1110","223,224,225,227,400,518,606,607,653,658,659,747,748,749,750,751,852,853,860,1045",,"0,1,2,49,127,128,129,187,188,189,293,552,710,863","82,313,316,317,318,598,606,607,852,853,1144","82,223,224,225,227,313,316,317,318,400,433,434,435,518,598,606,607,608,653,658,659,727,747,748,749,750,751,814,815,816,817,852,853,860,1045,1110,1144",816,"82,223,224,225,227,313,316,317,318,400,433,434,435,518,598,606,607,608,653,658,659,727,747,748,749,750,751,814,815,816,817,852,853,860,1045,1110,1144","0,1,2,49,127,128,129,187,188,189,293,433,434,435,552,653,727,814,815,816,863"
236,つきのひかり,0,"234,544,804","234,804","234,804","234,804",,"49,50,51,127,218,892,900","39,40,356,357,804,1014","39,40,234,356,357,544,804,1014",,"39,40,234,356,357,544,804,1014","49,50,51,127,218"
240,あまごい,0,"26,27,28,45,46,60,61,62,63,64,65,66,67,68,97,98,99,100,101,102,109,110,111,112,113,114,115,116,117,119,120,123,124,125,126,141,152,157,158,159,160,162,165,166,167,168,176,177,178,179,180,181,182,183,184,208,210,215,216,217,219,220,223,224,225,227,228,231,232,233,234,235,236,237,238,241,242,243,244,249,250,251,253,254,255,256,257,266,269,270,272,273,275,283,287,288,289,321,322,323,324,325,326,327,328,329,330,331,332,339,340,341,345,350,351,359,360,365,366,368,369,374,375,376,377,378,379,382,383,396,397,400,404,405,413,414,415,416,442,443,444,448,449,450,451,464,465,466,467,470,471,473,474,477,478,482,483,484,485,488,490,491,492,493,495,496,501,502,504,505,507,508,509,510,518,519,523,526,527,533,534,535,544,558,559,560,561,608,610,611,636,637,638,639,642,643,644,653,654,658,659,662,671,672,678,679,680,681,682,683,693,694,696,697,698,703,704,705,707,711,713,717,727,728,729,730,731,732,733,734,735,739,740,741,744,745,746,747,748,749,750,751,770,771,772,773,780,781,782,783,784,785,786,787,788,789,800,801,802,814,815,816,817,827,828,832,833,834,835,836,837,846,847,853,864,865,868,869,875,878,879,919,920,921,923,926,936,937,945,949,950,952,953,967,974,975,979,1002,1004,1011,1012,1013,1015,1016,1017,1018,1019,1020,1027,1028,1029,1030,1031,1032,1033,1034,1035,1036,1037,1038,1039,1040,1041,1043,1044,1052,1053,1054,1058,1059,1062,1063,1064,1065,1068,1069,1070,1074,1075,1076,1080,1081,1082,1083,1085,1086,1087,1088,1090,1091,1092,1093,1095,1096,1097,1098,1099,1100,1101,1102,1103,1104,1105,1107,1109,1112,1115,1117,1119,1120,1121,1122,1126,1127,1144","26,27,45,46,60,63,65,66,67,68,97,99,101,102,109,111,113,114,115,116,117,119,120,123,125,141,152,157,158,159,160,162,165,166,167,168,182,183,184,208,210,215,216,217,219,220,223,224,225,227,228,231,233,234,235,236,238,241,242,243,244,249,251,253,254,256,257,266,269,270,272,273,275,283,287,288,289,321,322,323,324,325,326,327,328,329,330,331,332,339,340,341,345,350,351,359,360,365,366,368,369,374,375,376,377,378,379,382,383,396,397,400,404,405,413,414,415,416,442,443,444,448,449,450,451,464,465,466,467,470,471,473,474,477,478,482,483,484,485,488,490,491,492,493,495,496,501,502,504,505,507,508,509,510,518,519,523,526,527,610,636,638,642,643,644,653,654,658,659,662,671,672,678,679,680,681,682,683,693,694,696,697,703,704,705,707,739,740,741,744,745,746,747,748,749,750,751,770,771,772,773,780,781,782,784,785,787,789,800,801,827,828,832,833,834,835,836,837,846,847,853,864,865,868,869,875,878,879,923,926,936,937,945,949,950,952,953,974,975,979,1027,1028,1029,1030,1031,1032,1033,1034,1035,1036,1037,1038,1039,1040,1041,1043,1044,1052,1053,1054,1058,1059,1062,1063,1064,1065,1068,1069,1070,1074,1075,1076,1080,1081,1082,1083,1085,1086,1087,1088,1090,1091,1092,1093,1095,1096,1097,1098,1099,1100,1101,1102,1103,1104,1105,1107,1109,1112,1115,1117,1119,1120,1121,1122,1126,1127","26,27,45,46,60,63,65,66,67,68,97,99,101,102,109,111,113,114,115,116,117,119,120,123,125,141,152,157,158,159,160,162,165,166,167,168,182,183,184,208,210,215,216,217,219,220,223,224,225,227,228,231,233,234,235,236,238,241,242,243,244,249,251,253,254,256,257,266,269,270,272,273,275,283,287,288,289,321,322,323,324,325,326,327,328,329,330,331,332,339,340,341,345,350,351,359,360,365,366,368,369,374,375,376,377,378,379,382,383,396,397,400,404,405,413,414,415,416,442,443,444,448,449,450,451,464,465,466,467,470,471,473,474,477,478,482,483,484,485,488,490,491,492,493,495,496,501,502,504,505,507,508,509,510,518,519,523,526,527,610,636,638,642,643,644,653,654,658,659,662,671,672,678,679,680,681,682,683,693,694,696,697,703,704,705,707,739,740,741,744,745,746,747,748,749,750,751,770,771,772,773,780,781,782,784,785,787,789,800,801,827,828,832,833,834,835,836,837,846,847,853,864,865,868,869,875,878,879,923,926,936,937,945,949,950,952,953,974,975,979,1027,1028,1029,1030,1031,1032,1033,1034,1035,1036,1037,1038,1039,1040,1041,1043,1044,1052,1053,1054,1058,1059,1062,1063,1064,1065,1068,1069,1070,1074,1075,1076,1080,1081,1082,1083,1085,1086,1087,1088,1090,1091,1092,1093,1095,1096,1097,1098,1099,1100,1101,1102,1103,1104,1105,1107,1109,1112,1115,1117,1119,1120,1121,1122","26,27,45,46,60,63,65,66,67,68,97,99,101,102,109,111,113,114,115,116,117,119,120,123,125,141,152,157,158,159,160,162,165,166,167,168,182,183,184,208,210,215,216,217,219,220,223,224,225,227,228,231,233,234,235,236,238,241,242,243,244,249,251,253,254,256,257,266,269,270,272,273,275,283,287,288,289,321,322,323,324,325,326,327,328,329,330,331,332,339,340,341,345,350,351,359,360,365,366,368,369,374,375,376,377,378,379,382,383,396,397,400,404,405,413,414,415,416,442,443,444,448,449,450,451,464,465,466,467,470,471,473,474,477,478,482,483,484,485,488,490,491,492,493,495,496,501,502,504,505,507,508,509,510,518,519,523,526,527,610,636,638,642,643,644,653,654,658,659,662,671,672,678,679,680,681,682,683,693,694,696,697,703,704,705,707,739,740,741,744,745,746,747,748,749,750,751,770,771,772,773,780,781,782,784,785,787,789,800,801,827,828,832,833,834,835,836,837,846,847,853,864,865,868,869,875,878,879,923,926,936,937,945,949,950,952,953,974,975,979,1027,1028,1029,1030,1031,1032,1033,1034,1035,1036,1037,1038,1039,1040,1041,1043,1044,1052,1053,1054,1058,1059,1062,1063,1064,1065,1068,1069,1070,1074,1075,1076,1080,1081,1082,1083,1085,1086,1087,1088,1090,1091,1092,1093,1095,1096,1097,1098,1099,1100,1101,1102,1103,1104,1105,1107,1120,1121,1122","124,126,249,250","6,7,8,85,86,105,106,107,108,133,134,139,140,144,145,154,163,169,194,195,196,206,207,247,248,271,274,277,278,280,284,285,286,290,291,299,300,301,354,355,418,419,423,424,429,454,455,456,457,512,514,522,580,581,624,625,640,641,645,646,647,663,664,691,692,708,715,716,719,720,721,722,755,756,757,766,767,821,822,823,850,851,892,1149,1154,1155,1156","24,25,26,27,39,40,67,68,73,74,75,115,116,117,136,137,162,175,197,198,199,200,208,222,226,232,244,245,253,254,260,261,269,270,275,302,303,313,314,315,316,317,318,323,324,325,326,327,356,357,368,369,382,383,384,385,392,393,398,399,401,404,405,442,443,444,448,449,450,451,465,472,481,484,485,491,492,493,494,495,496,509,520,521,523,525,526,590,591,592,598,599,600,610,611,648,649,671,672,688,689,693,694,699,700,783,784,785,787,790,791,829,830,831,834,835,836,837,853,878,884,923,936,937,945,948,949,950,1011,1014,1015,1016,1040,1041,1068,1069,1082,1090,1091,1102,1105,1107,1144","24,25,26,27,28,39,40,42,44,45,46,60,61,62,63,64,65,66,67,68,73,74,75,97,98,99,100,101,102,109,110,111,112,113,114,115,116,117,119,120,123,124,125,126,136,137,138,141,152,157,158,159,160,162,165,166,167,168,175,176,177,178,179,180,181,182,183,184,197,198,199,200,208,210,215,216,217,219,220,222,223,224,225,227,228,231,232,233,234,235,236,237,238,241,242,243,244,245,249,250,251,253,254,255,256,257,260,261,266,269,270,272,273,275,283,287,288,289,302,303,313,314,315,316,317,318,321,322,323,324,325,326,327,328,329,330,331,332,339,340,341,345,350,351,356,357,359,360,365,366,368,369,374,375,376,377,378,379,382,383,384,385,392,393,396,397,398,399,400,401,404,405,413,414,415,416,439,440,441,442,443,444,448,449,450,451,464,465,466,467,470,471,472,473,474,477,478,481,482,483,484,485,488,490,491,492,493,494,495,496,501,502,504,505,507,508,509,510,518,519,520,521,523,525,526,527,533,534,535,544,558,559,560,561,590,591,592,598,599,600,608,610,611,636,637,638,639,642,643,644,648,649,653,654,658,659,662,671,672,678,679,680,681,682,683,688,689,693,694,696,697,698,699,700,703,704,705,707,711,713,717,727,728,729,730,731,732,733,734,735,739,740,741,744,745,746,747,748,749,750,751,770,771,772,773,780,781,782,783,784,785,786,787,788,789,790,791,800,801,802,814,815,816,817,827,828,829,830,831,832,833,834,835,836,837,846,847,853,864,865,868,869,875,878,879,884,919,920,921,923,926,936,937,945,948,949,950,952,953,967,974,975,979,1002,1004,1011,1012,1013,1014,1015,1016,1017,1018,1019,1020,1027,1028,1029,1030,1031,1032,1033,1034,1035,1036,1037,1038,1039,1040,1041,1043,1044,1052,1053,1054,1058,1059,1062,1063,1064,1065,1068,1069,1070,1074,1075,1076,1080,1081,1082,1083,1085,1086,1087,1088,1090,1091,1092,1093,1095,1096,1097,1098,1099,1100,1101,1102,1103,1104,1105,1107,1109,1112,1115,1117,1119,1120,1121,1122,1126,1127,1144","115,116,117,238,345,473,474,490,525,526,527,637,639,790,791,816,837,868,869,878,1015,1016,1092,1093,1102","24,25,26,27,28,39,40,42,44,45,46,60,61,62,63,64,65,66,67,68,73,74,75,97,98,99,100,101,102,109,110,111,112,113,114,115,116,117,119,120,123,124,125,126,136,137,138,141,152,157,158,159,160,162,165,166,167,168,175,176,177,178,179,180,181,182,183,184,197,198,199,200,208,210,215,216,217,219,220,222,223,224,225,227,228,231,232,233,234,235,236,237,238,241,242,243,244,245,249,250,251,253,254,255,256,257,260,261,266,269,270,272,273,275,283,287,288,289,302,303,313,314,315,316,317,318,321,322,323,324,325,326,327,328,329,330,331,332,339,340,341,345,350,351,356,357,359,360,365,366,368,369,374,375,376,377,378,379,382,383,384,385,392,393,396,397,398,399,400,401,404,405,413,414,415,416,439,440,441,442,443,444,448,449,450,451,464,465,466,467,470,471,472,473,474,477,478,481,482,483,484,485,488,490,491,492,493,494,495,496,501,502,504,505,507,508,509,510,518,519,520,521,523,525,526,527,533,534,535,544,558,559,560,561,590,591,592,598,599,600,608,610,611,636,637,638,639,642,643,644,648,649,653,654,658,659,662,671,672,678,679,680,681,682,683,688,689,693,694,696,697,698,699,700,703,704,705,707,711,713,717,727,728,729,730,731,732,733,734,735,739,740,741,744,745,746,747,748,749,750,751,770,771,772,773,780,781,782,783,784,785,786,787,788,789,790,791,800,801,802,814,815,816,817,827,828,829,830,831,832,833,834,835,836,837,846,847,853,864,865,868,869,875,878,879,884,919,920,921,923,926,936,937,945,948,949,950,952,953,967,974,975,979,1002,1004,1011,1012,1013,1014,1015,1016,1017,1018,1019,1020,1027,1028,1029,1030,1031,1032,1033,1034,1035,1036,1037,1038,1039,1040,1041,1043,1044,1052,1053,1054,1058,1059,1062,1063,1064,1065,1068,1069,1070,1074,1075,1076,1080,1081,1082,1083,1085,1086,1087,1088,1090,1091,1092,1093,1095,1096,1097,1098,1099,1100,1101,1102,1103,1104,1105,1107,1109,1112,1115,1117,1119,1120,1121,1122,1126,1127,1144","6,7,8,42,44,85,86,98,100,101,102,105,106,107,108,110,112,133,134,139,140,141,144,145,152,154,157,163,169,194,195,196,206,207,236,241,247,248,249,251,271,274,277,278,280,283,299,300,301,330,331,332,354,355,365,366,376,377,378,379,413,418,419,439,440,441,454,455,456,457,488,504,505,507,508,510,512,514,522,527,558,559,560,580,581,624,625,640,641,642,643,644,645,646,647,653,654,662,663,664,671,672,678,679,680,681,682,691,692,696,697,699,700,727,728,729,730,731,732,733,734,735,739,740,741,745,746,755,756,757,766,767,814,815,816,821,822,823,832,833,834,835,836,837,850,851,879,919,920,921,1012,1074,1104,1149,1154,1155,1156"
241,にほんばれ,0,"3,4,5,45,46,54,55,56,57,58,59,60,61,62,63,64,67,68,69,70,71,72,97,98,99,100,101,102,109,110,111,112,115,116,117,119,120,141,152,157,158,159,162,165,166,167,168,176,177,178,179,180,181,182,183,184,190,191,192,193,210,215,216,217,221,223,224,225,227,228,233,234,235,236,237,238,241,242,243,244,251,253,254,255,256,257,269,270,272,273,275,283,287,288,289,323,324,325,326,327,328,329,330,331,332,339,340,345,350,351,359,360,365,366,367,368,369,374,375,376,377,378,379,382,383,396,397,400,414,415,416,442,443,444,448,449,450,451,464,465,473,474,477,478,482,483,484,485,486,488,490,491,492,493,495,496,497,498,501,502,509,510,518,519,523,527,533,534,535,540,544,606,607,608,636,638,653,654,658,659,672,678,679,680,696,697,698,703,704,705,706,707,711,713,717,727,728,729,730,731,732,739,740,741,744,745,746,747,748,749,750,751,780,781,782,783,784,785,786,787,788,789,803,804,814,815,816,817,827,828,832,833,834,835,836,837,841,842,848,849,852,853,856,857,860,861,862,864,865,868,869,875,878,913,914,915,916,917,918,923,925,926,941,942,944,945,952,953,967,974,978,992,993,1011,1012,1013,1017,1019,1020,1024,1025,1026,1030,1031,1032,1033,1034,1035,1036,1037,1038,1039,1040,1041,1043,1044,1045,1046,1047,1048,1052,1053,1054,1055,1056,1057,1062,1063,1064,1065,1070,1071,1072,1074,1075,1076,1082,1086,1087,1088,1090,1091,1092,1093,1102,1104,1105,1108,1109,1110,1111,1112,1113,1117,1118,1119,1126,1128,1129,1130,1138,1144","45,46,54,55,56,58,60,63,67,68,69,71,97,99,101,102,109,111,115,116,117,119,120,141,152,157,158,159,162,165,166,167,168,182,183,184,210,215,216,217,221,223,224,225,227,228,233,234,235,236,238,241,242,243,244,251,253,254,256,257,269,270,272,273,275,283,287,288,289,323,324,325,326,327,328,329,330,331,332,339,340,345,350,351,359,360,365,366,367,368,369,374,375,376,377,378,379,382,383,396,397,400,414,415,416,442,443,444,448,449,450,451,464,465,473,474,477,478,482,483,484,485,486,488,490,491,492,493,495,496,497,498,501,502,509,510,518,519,523,527,606,607,636,638,653,654,658,659,672,678,679,680,696,697,703,704,705,706,707,739,740,741,744,745,746,747,748,749,750,751,780,781,782,784,785,787,789,803,804,827,828,832,833,834,835,836,837,841,842,848,849,852,853,856,857,860,861,862,864,865,868,869,875,878,923,925,926,941,942,944,945,952,953,974,978,992,993,1024,1025,1026,1030,1031,1032,1033,1034,1035,1036,1037,1038,1039,1040,1041,1043,1044,1045,1046,1047,1048,1052,1053,1054,1055,1056,1057,1062,1063,1064,1065,1070,1071,1072,1074,1075,1076,1082,1086,1087,1088,1090,1091,1092,1093,1102,1104,1105,1108,1109,1110,1111,1112,1113,1117,1118,1119,1126,1128,1129,1130","45,46,54,55,56,58,60,63,67,68,69,71,97,99,101,102,109,111,115,116,117,119,120,141,152,157,158,159,162,165,166,167,168,182,183,184,210,215,216,217,221,223,224,225,227,228,233,234,235,236,238,241,242,243,244,251,253,254,256,257,269,270,272,273,275,283,287,288,289,323,324,325,326,327,328,329,330,331,332,339,340,345,350,351,359,360,365,366,367,368,369,374,375,376,377,378,379,382,383,396,397,400,414,415,416,442,443,444,448,449,450,451,464,465,473,474,477,478,482,483,484,485,486,488,490,491,492,493,495,496,497,498,501,502,509,510,518,519,523,527,606,607,636,638,653,654,658,659,672,678,679,680,696,697,703,704,705,706,707,739,740,741,744,745,746,747,748,749,750,751,780,781,782,784,785,787,789,803,804,827,828,832,833,834,835,836,837,841,842,848,849,852,853,856,857,860,861,862,864,865,868,869,875,878,923,925,926,941,942,944,945,952,953,974,978,992,993,1024,1025,1026,1030,1031,1032,1033,1034,1035,1036,1037,1038,1039,1040,1041,1043,1044,1045,1046,1047,1048,1052,1053,1054,1055,1056,1057,1062,1063,1064,1065,1070,1071,1072,1074,1075,1076,1082,1086,1087,1088,1090,1091,1092,1093,1102,1104,1105,1108,1109,1110,1111,1112,1113,1117,1118,1119,1130","45,46,54,55,56,58,60,63,67,68,69,71,97,99,101,102,109,111,115,116,117,119,120,141,152,157,158,159,162,165,166,167,168,182,183,184,210,215,216,217,221,223,224,225,227,228,233,234,235,236,238,241,242,243,244,251,253,254,256,257,269,270,272,273,275,283,287,288,289,323,324,325,326,327,328,329,330,331,332,339,340,345,350,351,359,360,365,366,367,368,369,374,375,376,377,378,379,382,383,396,397,400,414,415,416,442,443,444,448,449,450,451,464,465,473,474,477,478,482,483,484,485,486,488,490,491,492,493,495,496,497,498,501,502,509,510,518,519,523,527,606,607,636,638,653,654,658,659,672,678,679,680,696,697,703,704,705,706,707,739,740,741,744,745,746,747,748,749,750,751,780,781,782,784,785,787,789,803,804,827,828,832,833,834,835,836,837,841,842,848,849,852,853,856,857,860,861,862,864,865,868,869,875,878,923,925,926,941,942,944,945,952,953,974,978,992,993,1024,1025,1026,1030,1031,1032,1033,1034,1035,1036,1037,1038,1039,1040,1041,1043,1044,1045,1046,1047,1048,1052,1053,1054,1055,1056,1057,1062,1063,1064,1065,1070,1071,1072,1074,1075,1076,1082,1086,1087,1088,1090,1091,1092,1093,1102,1104,1105,1130",,"0,1,2,49,50,51,105,106,127,128,129,133,134,139,140,155,169,187,188,189,218,247,248,268,274,277,278,281,284,285,290,291,293,294,295,296,297,298,371,372,373,418,419,423,424,429,454,455,456,457,512,515,522,552,553,554,555,556,557,580,581,587,588,604,605,624,625,640,641,645,646,647,691,692,708,710,715,716,719,720,721,722,755,756,757,766,767,818,819,820,824,825,826,863,891,892,900,1149,1150,1151,1154,1155,1156","24,25,29,31,39,40,41,43,67,68,69,71,82,83,84,87,89,91,115,116,117,136,137,162,175,197,198,199,200,203,204,221,226,229,244,245,253,254,258,259,269,270,275,302,303,313,314,315,316,317,318,323,324,325,326,327,342,356,357,368,369,382,383,398,399,401,442,443,444,448,449,450,451,465,472,481,484,485,486,491,492,493,494,495,496,509,517,520,523,524,525,590,591,592,598,599,600,606,607,672,675,676,677,688,689,699,700,783,784,785,787,790,791,803,804,834,835,836,837,838,839,841,842,848,849,852,853,856,857,878,883,884,923,944,945,1011,1014,1040,1041,1082,1090,1091,1102,1105,1138,1144","3,4,5,24,25,29,31,39,40,41,43,45,46,54,55,56,57,58,59,60,61,62,63,64,67,68,69,70,71,72,82,83,84,87,88,89,90,91,92,97,98,99,100,101,102,109,110,111,112,115,116,117,119,120,136,137,138,141,152,157,158,159,162,165,166,167,168,175,176,177,178,179,180,181,182,183,184,190,191,192,193,197,198,199,200,203,204,210,215,216,217,221,223,224,225,227,228,229,233,234,235,236,237,238,241,242,243,244,245,251,253,254,255,256,257,258,259,269,270,272,273,275,283,287,288,289,302,303,313,314,315,316,317,318,323,324,325,326,327,328,329,330,331,332,339,340,342,345,350,351,356,357,359,360,365,366,367,368,369,374,375,376,377,378,379,382,383,396,397,398,399,400,401,414,415,416,433,434,435,436,437,438,442,443,444,448,449,450,451,464,465,472,473,474,477,478,481,482,483,484,485,486,488,490,491,492,493,494,495,496,497,498,501,502,509,510,517,518,519,520,523,524,525,527,533,534,535,540,544,590,591,592,598,599,600,606,607,608,636,638,653,654,658,659,672,675,676,677,678,679,680,688,689,696,697,698,699,700,703,704,705,706,707,711,713,717,727,728,729,730,731,732,739,740,741,744,745,746,747,748,749,750,751,780,781,782,783,784,785,786,787,788,789,790,791,803,804,814,815,816,817,827,828,832,833,834,835,836,837,838,839,841,842,848,849,852,853,856,857,860,861,862,864,865,868,869,875,878,883,884,913,914,915,916,917,918,923,925,926,941,942,944,945,952,953,967,974,978,992,993,1011,1012,1013,1014,1017,1019,1020,1024,1025,1026,1030,1031,1032,1033,1034,1035,1036,1037,1038,1039,1040,1041,1043,1044,1045,1046,1047,1048,1052,1053,1054,1055,1056,1057,1062,1063,1064,1065,1070,1071,1072,1074,1075,1076,1082,1086,1087,1088,1090,1091,1092,1093,1102,1104,1105,1108,1109,1110,1111,1112,1113,1117,1118,1119,1126,1128,1129,1130,1138,1144","115,116,117,193,238,345,473,474,490,525,527,675,676,677,790,791,816,837,868,869,878,992,993,1026,1057,1092,1093,1102,1111","3,4,5,24,25,29,31,39,40,41,43,45,46,54,55,56,57,58,59,60,61,62,63,64,67,68,69,70,71,72,82,83,84,87,88,89,90,91,92,97,98,99,100,101,102,109,110,111,112,115,116,117,119,120,136,137,138,141,152,157,158,159,162,165,166,167,168,175,176,177,178,179,180,181,182,183,184,190,191,192,193,197,198,199,200,203,204,210,215,216,217,221,223,224,225,227,228,229,233,234,235,236,237,238,241,242,243,244,245,251,253,254,255,256,257,258,259,269,270,272,273,275,283,287,288,289,302,303,313,314,315,316,317,318,323,324,325,326,327,328,329,330,331,332,339,340,342,345,350,351,356,357,359,360,365,366,367,368,369,374,375,376,377,378,379,382,383,396,397,398,399,400,401,414,415,416,433,434,435,436,437,438,442,443,444,448,449,450,451,464,465,472,473,474,477,478,481,482,483,484,485,486,488,490,491,492,493,494,495,496,497,498,501,502,509,510,517,518,519,520,523,524,525,527,533,534,535,540,544,590,591,592,598,599,600,606,607,608,636,638,653,654,658,659,672,675,676,677,678,679,680,688,689,696,697,698,699,700,703,704,705,706,707,711,713,717,727,728,729,730,731,732,739,740,741,744,745,746,747,748,749,750,751,780,781,782,783,784,785,786,787,788,789,790,791,803,804,814,815,816,817,827,828,832,833,834,835,836,837,838,839,841,842,848,849,852,853,856,857,860,861,862,864,865,868,869,875,878,883,884,913,914,915,916,917,918,923,925,926,941,942,944,945,952,953,967,974,978,992,993,1011,1012,1013,1014,1017,1019,1020,1024,1025,1026,1030,1031,1032,1033,1034,1035,1036,1037,1038,1039,1040,1041,1043,1044,1045,1046,1047,1048,1052,1053,1054,1055,1056,1057,1062,1063,1064,1065,1070,1071,1072,1074,1075,1076,1082,1086,1087,1088,1090,1091,1092,1093,1102,1104,1105,1108,1109,1110,1111,1112,1113,1117,1118,1119,1126,1128,1129,1130,1132,1138,1144","0,1,2,3,4,5,29,31,49,50,51,54,55,57,59,88,90,92,98,100,101,102,105,106,110,112,127,128,129,133,134,139,140,141,152,155,157,169,187,188,189,190,191,192,218,236,241,247,248,251,268,274,277,278,281,283,293,294,295,296,297,298,330,331,332,365,366,367,371,372,373,376,377,378,379,418,419,433,434,435,436,437,438,454,455,456,457,488,510,512,515,522,527,552,553,554,555,556,557,580,581,587,588,604,605,624,625,640,641,645,646,647,653,654,672,678,679,680,691,692,696,697,699,700,727,728,729,730,731,732,739,740,741,745,746,755,756,757,766,767,814,815,816,818,819,820,824,825,826,832,833,834,835,836,837,863,913,914,915,916,917,918,1012,1074,1104,1149,1150,1151,1154,1155,1156"
244,じこあんじ,0,"45,46,60,61,63,64,65,66,97,98,99,100,115,116,117,119,120,210,221,233,234,236,237,238,241,244,275,283,323,324,325,326,327,345,350,351,368,369,396,397,413,477,478,484,485,486,495,496,504,505,523,526,533,534,535,544,607,608,636,637,638,639,642,643,644,698,703,704,705,732,780,783,789,834,835,836,837,864,875,878,921,960,961,962,974,978,981,982,1011,1019,1020,1023,1027,1028,1029,1043,1044,1047,1056,1057,1064,1065,1074,1076,1082,1083,1085,1094,1104,1105,1109,1131,1139,1140,1142,1143","45,46,60,63,65,66,97,99,115,116,117,119,120,210,221,233,234,236,238,241,244,275,283,323,324,325,326,327,345,350,351,368,369,396,397,413,477,478,484,485,486,495,496,504,505,523,526,607,636,638,642,643,644,703,704,705,780,789,834,835,836,837,864,875,878,960,961,962,974,978,981,982,1023,1027,1028,1029,1043,1044,1047,1056,1057,1064,1065,1074,1076,1082,1083,1085,1094,1104,1105,1109,1131","45,46,60,63,65,66,97,99,115,116,117,119,120,210,221,233,234,236,238,241,244,275,283,323,324,325,326,327,345,350,351,368,369,396,397,413,477,478,484,485,486,495,496,504,505,523,526,607,636,638,642,643,644,703,704,705,780,789,834,835,836,837,864,875,878,960,961,962,974,978,981,982,1023,1027,1028,1029,1043,1044,1047,1056,1057,1064,1065,1074,1076,1082,1083,1085,1094,1104,1105,1109,1131","45,46,60,63,65,66,97,99,115,116,117,119,120,210,221,233,234,236,238,241,244,275,283,323,324,325,326,327,345,350,351,368,369,396,397,413,477,478,484,485,486,495,496,504,505,523,526,607,636,638,642,643,644,703,704,705,780,789,834,835,836,837,864,875,878,960,961,962,974,978,981,982,1023,1027,1028,1029,1043,1044,1047,1056,1057,1064,1065,1074,1076,1082,1083,1085,1094,1104,1105,1131",,"127,128,129,290,291,418,419,423,424,429,645,646,647,691,692,708,709,710,722,755,756,757,766,767,823,826,863,891,892,973","39,40,41,43,74,75,115,116,117,199,200,221,222,229,244,275,317,318,323,324,325,326,327,357,368,369,393,398,399,401,481,484,485,486,495,496,517,523,525,526,607,675,676,677,688,689,699,700,783,790,791,834,835,836,837,838,839,878,960,961,962,981,982,1011,1082,1105,1139,1140,1142,1143","39,40,41,42,43,44,45,46,60,61,63,64,65,66,74,75,97,98,99,100,115,116,117,119,120,199,200,210,221,222,229,233,234,236,237,238,241,244,275,283,317,318,323,324,325,326,327,345,350,351,357,368,369,393,396,397,398,399,401,413,436,437,438,439,440,441,477,478,481,484,485,486,495,496,504,505,517,523,525,526,533,534,535,544,607,608,636,637,638,639,642,643,644,675,676,677,688,689,698,699,700,703,704,705,732,780,783,789,790,791,834,835,836,837,838,839,864,875,878,921,960,961,962,974,978,981,982,1011,1019,1020,1023,1027,1028,1029,1043,1044,1047,1056,1057,1064,1065,1074,1076,1082,1083,1085,1094,1104,1105,1109,1131,1139,1140,1142,1143","115,116,117,238,345,525,526,637,639,675,676,677,790,791,837,878,1057,1139,1140","39,40,41,42,43,44,45,46,60,61,63,64,65,66,74,75,97,98,99,100,115,116,117,119,120,199,200,210,221,222,229,233,234,236,237,238,241,244,275,283,317,318,323,324,325,326,327,345,350,351,357,368,369,393,396,397,398,399,401,413,436,437,438,439,440,441,477,478,481,484,485,486,495,496,504,505,517,523,525,526,533,534,535,544,607,608,636,637,638,639,642,643,644,675,676,677,688,689,698,699,700,703,704,705,732,780,783,789,790,791,834,835,836,837,838,839,864,875,878,921,960,961,962,974,978,981,982,1011,1019,1020,1023,1027,1028,1029,1043,1044,1047,1056,1057,1064,1065,1074,1076,1082,1083,1085,1094,1104,1105,1109,1131,1139,1140,1142,1143","42,44,98,100,127,128,129,236,241,283,413,418,419,436,437,438,439,440,441,504,505,642,643,644,645,646,647,691,692,699,700,732,755,756,757,766,767,823,826,834,835,836,837,863,921,973,1074,1104"
254,たくわえる,0,"45,46,109,110,231,249,250,322,359,360,365,379,470,473,474,497,846,868,875,922,923,1018,1030,1060","45,46,109,231,249,322,359,360,365,379,470,473,474,497,846,868,875,922,923,1030,1060","45,46,109,231,249,322,359,360,365,379,470,473,474,497,846,868,875,922,923,1030,1060","45,46,109,231,249,322,359,360,365,379,470,473,474,497,846,868,875,922,923,1030,1060","249,250","107,207,850","24,25,84,136,175,258,494,922,923,948","24,25,45,46,84,109,110,136,175,231,249,250,258,322,359,360,365,379,433,470,473,474,494,497,846,868,875,922,923,948,1018,1030,1060","473,474,868","24,25,45,46,84,109,110,136,175,231,249,250,258,322,359,360,365,379,433,470,473,474,494,497,846,868,875,922,923,948,1018,1030,1060","107,110,207,249,365,379,433,850"
256,のみこむ,0,"45,46,109,110,231,322,359,360,365,379,470,473,474,497,846,868,875,922,923,1030,1060","45,46,109,231,322,359,360,365,379,470,473,474,497,846,868,875,922,923,1030,1060","45,46,109,231,322,359,360,365,379,470,473,474,497,846,868,875,922,923,1030,1060","45,46,109,231,322,359,360,365,379,470,473,474,497,846,868,875,922,923,1030,1060",,"107,207","24,25,84,136,175,494,922,923,948","24,25,45,46,84,109,110,136,175,231,322,359,360,365,379,433,470,473,474,494,497,846,868,875,922,923,948,1030,1060","473,474,868","24,25,45,46,84,109,110,136,175,231,322,359,360,365,379,433,470,473,474,494,497,846,868,875,922,923,948,1030,1060","107,110,207,365,379,433"
258,あられ,0,,,,,,,,,,,
259,いちゃもん,0,"235,269,270,345,612,613,614,636,637,638,639,642,693,694,789,857,963,964,965,1006,1019,1020,1048,1082,1086,1107","235,269,270,345,612,613,614,636,638,642,693,694,789,857,963,964,965,1048,1082,1086,1107","235,269,270,345,612,613,614,636,638,642,693,694,789,857,963,964,965,1048,1082,1086,1107","235,269,270,345,612,613,614,636,638,642,693,694,789,857,963,964,965,1048,1082,1086,1107",,"624,625","269,270,317,318,693,694,857,963,964,965,983,1082,1107","235,269,270,317,318,345,436,437,438,612,613,614,636,637,638,639,642,693,694,789,857,963,964,965,983,1006,1019,1020,1048,1082,1086,1107","345,637,639","235,269,270,317,318,345,436,437,438,612,613,614,636,637,638,639,642,693,694,789,857,963,964,965,983,1006,1019,1020,1048,1082,1086,1107","436,437,438,612,613,614,624,625,642"
260,おだてる,0,"61,119,215,235,345,465,501,502,534,642,643,644,834,835,836,837,963,964,965,1019,1020,1048,1064,1065,1077,1078,1079,1142,1143","119,215,235,345,465,501,502,642,643,644,834,835,836,837,963,964,965,1048,1064,1065,1077,1078,1079","119,215,235,345,465,501,502,642,643,644,834,835,836,837,963,964,965,1048,1064,1065,1077,1078,1079","119,215,235,345,465,501,502,642,643,644,834,835,836,837,963,964,965,1048,1064,1065,1077,1078,1079",,194,"357,465,699,700,834,835,836,837,963,964,965,983,1142,1143","61,119,215,235,345,357,465,501,502,534,642,643,644,699,700,834,835,836,837,963,964,965,983,1019,1020,1048,1064,1065,1077,1078,1079,1142,1143","345,837","61,119,215,235,345,357,465,501,502,534,642,643,644,699,700,834,835,836,837,963,964,965,983,1019,1020,1048,1064,1065,1077,1078,1079,1142,1143","194,642,643,644,699,700,834,835,836,837"
262,おきみやげ,0,"56,57,109,110,111,112,181,223,224,225,238,266,323,470,471,473,482,483,490,533,636,637,958,959,975,1033,1045,1073,1080,1082,1090,1092,1099,1100,1101,1111,1125,1128,1129,1139,1140","56,109,111,223,224,225,238,266,323,470,471,473,482,483,490,636,958,959,975,1033,1045,1073,1080,1082,1090,1092,1099,1100,1101,1111,1125,1128,1129","56,109,111,223,224,225,238,266,323,470,471,473,482,483,490,636,958,959,975,1033,1045,1073,1080,1082,1090,1092,1099,1100,1101,1111,1125","56,109,111,223,224,225,238,266,323,470,471,473,482,483,490,636,958,959,975,1033,1045,1073,1080,1082,1090,1092,1099,1100,1101,1125",,"424,604,605","41,136,137,258,323,398,675,676,677,1082,1090,1139,1140","41,56,57,109,110,111,112,136,137,138,181,223,224,225,238,258,266,323,398,470,471,473,482,483,490,533,636,637,675,676,677,958,959,975,1033,1045,1073,1080,1082,1090,1092,1099,1100,1101,1111,1125,1128,1129,1139,1140","238,473,490,637,675,676,677,958,959,1092,1111,1125,1139,1140","41,56,57,109,110,111,112,136,137,138,181,223,224,225,238,258,266,323,398,470,471,473,482,483,490,533,636,637,675,676,677,958,959,975,1033,1045,1073,1080,1082,1090,1092,1099,1100,1101,1111,1125,1128,1129,1139,1140","57,110,112,604,605,958,959,1073"
267,しぜんのちから,0,,,,,,,,,,,
268,じゅうでん,0,"26,27,28,101,102,123,124,125,126,167,178,208,215,216,217,449,450,451,465,510,527,670,671,672,713,782,952,953,975,1004,1037,1038,1039,1058,1059,1060,1061,1113,1116,1119","26,27,101,102,123,125,167,208,215,216,217,449,450,451,465,510,527,670,671,672,782,952,953,975,1037,1038,1039,1058,1059,1060,1061,1113,1116,1119","26,27,101,102,123,125,167,208,215,216,217,449,450,451,465,510,527,670,671,672,782,952,953,975,1037,1038,1039,1058,1059,1060,1061,1113,1116,1119","26,27,101,102,123,125,167,208,215,216,217,449,450,451,465,510,527,670,671,672,782,952,953,975,1037,1038,1039,1058,1059,1060,1061","124,126","154,169,206,207,274,280,284,354,355,514,522,580,581,664,716,1151","26,27,208,449,450,451,465,670,671,672,829,830,831,983","26,27,28,88,90,92,101,102,123,124,125,126,167,178,208,215,216,217,449,450,451,465,510,527,670,671,672,713,782,829,830,831,952,953,975,983,1004,1037,1038,1039,1058,1059,1060,1061,1113,1116,1119",527,"26,27,28,88,90,92,101,102,123,124,125,126,167,178,208,215,216,217,449,450,451,465,510,527,670,671,672,713,782,829,830,831,952,953,975,983,1004,1037,1038,1039,1058,1059,1060,1061,1113,1116,1119,1134","88,90,92,101,102,154,169,206,207,274,280,354,355,510,514,522,527,580,581,664,670,671,672,1151"
270,てだすけ,0,"3,4,5,26,27,28,45,46,56,57,58,59,60,61,62,63,64,65,66,67,68,69,70,71,72,97,98,99,100,101,102,109,110,111,112,113,114,119,120,123,125,141,152,157,162,165,166,167,168,176,177,178,179,180,181,182,183,184,192,208,210,215,216,217,219,220,221,223,224,225,227,228,231,232,233,234,236,237,238,241,242,243,244,251,253,254,256,257,266,269,270,272,273,275,283,287,288,289,321,322,323,324,325,326,327,328,329,330,331,332,339,340,341,345,350,351,359,360,365,366,367,368,369,374,375,376,377,378,379,382,383,396,397,400,404,405,414,415,416,442,443,444,448,449,450,451,464,465,466,467,470,471,473,474,477,478,482,483,484,485,486,488,490,491,492,493,495,496,497,498,501,502,504,505,507,508,509,510,518,519,523,526,527,533,534,535,544,558,559,560,561,606,607,608,612,613,614,636,638,639,642,643,644,653,654,662,696,697,698,704,705,727,728,729,730,731,732,733,734,735,745,746,747,748,749,750,751,772,773,780,781,782,814,815,816,817,827,828,832,833,834,835,836,837,840,841,842,843,856,857,860,861,862,916,917,918,945,952,953,960,961,962,967,974,977,981,982,991,992,993,1000,1001,1002,1011,1012,1013,1021,1022,1023,1024,1025,1026,1027,1028,1029,1030,1031,1032,1037,1038,1039,1040,1041,1043,1044,1045,1046,1047,1048,1052,1053,1054,1055,1056,1057,1062,1063,1064,1065,1070,1071,1072,1075,1076,1077,1078,1079,1080,1081,1083,1085,1089,1092,1093,1095,1096,1099,1100,1101,1102,1103,1104,1105,1109,1111,1115,1118,1120,1121,1122,1131,1142,1144","26,27,45,46,56,58,60,63,65,66,67,68,69,71,97,99,101,102,109,111,113,114,119,120,123,125,141,152,157,162,165,166,167,168,182,183,184,208,210,215,216,217,219,220,221,223,224,225,227,228,231,233,234,236,238,241,242,243,244,251,253,254,256,257,266,269,270,272,273,275,283,287,288,289,321,322,323,324,325,326,327,328,329,330,331,332,339,340,341,345,350,351,359,360,365,366,367,368,369,374,375,376,377,378,379,382,383,396,397,400,404,405,414,415,416,442,443,444,448,449,450,451,464,465,466,467,470,471,473,474,477,478,482,483,484,485,486,488,490,491,492,493,495,496,497,498,501,502,504,505,507,508,509,510,518,519,523,526,527,606,607,612,613,614,636,638,642,643,644,653,654,662,696,697,704,705,745,746,747,748,749,750,751,772,773,780,781,782,827,828,832,833,834,835,836,837,840,841,842,843,856,857,860,861,862,945,952,953,960,961,962,974,977,981,982,991,992,993,1021,1022,1023,1024,1025,1026,1027,1028,1029,1030,1031,1032,1037,1038,1039,1040,1041,1043,1044,1045,1046,1047,1048,1052,1053,1054,1055,1056,1057,1062,1063,1064,1065,1070,1071,1072,1075,1076,1077,1078,1079,1080,1081,1083,1085,1089,1092,1093,1095,1096,1099,1100,1101,1102,1103,1104,1105,1109,1111,1115,1118,1120,1121,1122,1131","26,27,45,46,56,58,60,63,65,66,67,68,69,71,97,99,101,102,109,111,113,114,119,120,123,125,141,152,157,162,165,166,167,168,182,183,184,208,210,215,216,217,219,220,221,223,224,225,227,228,231,233,234,236,238,241,242,243,244,251,253,254,256,257,266,269,270,272,273,275,283,287,288,289,321,322,323,324,325,326,327,328,329,330,331,332,339,340,341,345,350,351,359,360,365,366,367,368,369,374,375,376,377,378,379,382,383,396,397,400,404,405,414,415,416,442,443,444,448,449,450,451,464,465,466,467,470,471,473,474,477,478,482,483,484,485,486,488,490,491,492,493,495,496,497,498,501,502,504,505,507,508,509,510,518,519,523,526,527,606,607,612,613,614,636,638,642,643,644,653,654,662,696,697,704,705,745,746,747,748,749,750,751,772,773,780,781,782,827,828,832,833,834,835,836,837,840,841,842,843,856,857,860,861,862,945,952,953,960,961,962,974,977,981,982,991,992,993,1021,1022,1023,1024,1025,1026,1027,1028,1029,1030,1031,1032,1037,1038,1039,1040,1041,1043,1044,1045,1046,1047,1048,1052,1053,1054,1055,1056,1057,1062,1063,1064,1065,1070,1071,1072,1075,1076,1077,1078,1079,1080,1081,1083,1085,1089,1092,1093,1095,1096,1099,1100,1101,1102,1103,1104,1105,1109,1111,1115,1118,1120,1121,1122,1131","26,27,45,46,56,58,60,63,65,66,67,68,69,71,97,99,101,102,109,111,113,114,119,120,123,125,141,152,157,162,165,166,167,168,182,183,184,208,210,215,216,217,219,220,221,223,224,225,227,228,231,233,234,236,238,241,242,243,244,251,253,254,256,257,266,269,270,272,273,275,283,287,288,289,321,322,323,324,325,326,327,328,329,330,331,332,339,340,341,345,350,351,359,360,365,366,367,368,369,374,375,376,377,378,379,382,383,396,397,400,404,405,414,415,416,442,443,444,448,449,450,451,464,465,466,467,470,471,473,474,477,478,482,483,484,485,486,488,490,491,492,493,495,496,497,498,501,502,504,505,507,508,509,510,518,519,523,526,527,606,607,612,613,614,636,638,642,643,644,653,654,662,696,697,704,705,745,746,747,748,749,750,751,772,773,780,781,782,827,828,832,833,834,835,836,837,840,841,842,843,856,857,860,861,862,945,952,953,960,961,962,974,977,981,982,991,992,993,1021,1022,1023,1024,1025,1026,1027,1028,1029,1030,1031,1032,1037,1038,1039,1040,1041,1043,1044,1045,1046,1047,1048,1052,1053,1054,1055,1056,1057,1062,1063,1064,1065,1070,1071,1072,1075,1076,1077,1078,1079,1080,1081,1083,1085,1089,1092,1093,1095,1096,1099,1100,1101,1102,1103,1104,1105,1120,1121,1122,1131",,"0,1,2,6,7,8,49,50,51,105,106,107,108,127,128,129,133,134,140,154,155,163,187,188,189,196,218,247,248,277,278,280,281,284,285,286,290,291,293,294,295,296,297,298,300,301,354,355,373,423,424,512,514,515,552,553,554,555,556,557,580,581,587,588,604,605,624,625,640,641,645,646,647,663,664,691,692,708,709,710,715,716,719,720,721,722,755,756,757,766,767,818,819,820,821,822,823,824,825,826,863,891,892,972,973","26,27,39,40,41,43,67,68,69,71,73,74,75,162,175,197,198,208,221,222,226,232,244,253,254,269,270,275,302,303,323,324,325,326,327,342,356,357,368,369,382,383,393,398,399,401,404,405,442,443,444,448,449,450,451,465,472,481,484,485,486,491,492,493,494,495,496,509,523,524,525,526,590,591,592,600,606,607,648,649,688,689,834,835,836,837,838,839,840,841,842,843,856,857,884,945,960,961,962,981,982,1011,1014,1040,1041,1089,1102,1105,1142,1144","3,4,5,26,27,28,39,40,41,42,43,44,45,46,56,57,58,59,60,61,62,63,64,65,66,67,68,69,70,71,72,73,74,75,97,98,99,100,101,102,109,110,111,112,113,114,119,120,123,125,141,152,157,162,165,166,167,168,175,176,177,178,179,180,181,182,183,184,192,197,198,208,210,215,216,217,219,220,221,222,223,224,225,227,228,231,232,233,234,236,237,238,241,242,243,244,251,253,254,256,257,266,269,270,272,273,275,283,287,288,289,302,303,321,322,323,324,325,326,327,328,329,330,331,332,339,340,341,342,345,350,351,356,357,359,360,365,366,367,368,369,374,375,376,377,378,379,382,383,393,396,397,398,399,400,401,404,405,414,415,416,436,437,438,439,440,441,442,443,444,448,449,450,451,464,465,466,467,470,471,472,473,474,477,478,481,482,483,484,485,486,488,490,491,492,493,494,495,496,497,498,501,502,504,505,507,508,509,510,518,519,523,524,525,526,527,533,534,535,544,558,559,560,561,590,591,592,600,606,607,608,612,613,614,636,638,639,642,643,644,648,649,653,654,662,688,689,696,697,698,704,705,727,728,729,730,731,732,733,734,735,745,746,747,748,749,750,751,772,773,780,781,782,814,815,816,817,827,828,832,833,834,835,836,837,838,839,840,841,842,843,856,857,860,861,862,884,916,917,918,945,952,953,960,961,962,967,974,977,981,982,991,992,993,1000,1001,1002,1011,1012,1013,1014,1021,1022,1023,1024,1025,1026,1027,1028,1029,1030,1031,1032,1037,1038,1039,1040,1041,1043,1044,1045,1046,1047,1048,1052,1053,1054,1055,1056,1057,1062,1063,1064,1065,1070,1071,1072,1075,1076,1077,1078,1079,1080,1081,1083,1085,1089,1092,1093,1095,1096,1099,1100,1101,1102,1103,1104,1105,1109,1111,1115,1118,1120,1121,1122,1131,1142,1144","238,345,473,474,490,525,526,527,639,816,837,991,992,993,1026,1057,1092,1093,1102,1111","3,4,5,26,27,28,39,40,41,42,43,44,45,46,56,57,58,59,60,61,62,63,64,65,66,67,68,69,70,71,72,73,74,75,97,98,99,100,101,102,109,110,111,112,113,114,119,120,123,125,141,152,157,162,165,166,167,168,175,176,177,178,179,180,181,182,183,184,192,197,198,208,210,215,216,217,219,220,221,222,223,224,225,227,228,231,232,233,234,236,237,238,241,242,243,244,251,253,254,256,257,266,269,270,272,273,275,283,287,288,289,302,303,321,322,323,324,325,326,327,328,329,330,331,332,339,340,341,342,345,350,351,356,357,359,360,365,366,367,368,369,374,375,376,377,378,379,382,383,393,396,397,398,399,400,401,404,405,414,415,416,436,437,438,439,440,441,442,443,444,448,449,450,451,464,465,466,467,470,471,472,473,474,477,478,481,482,483,484,485,486,488,490,491,492,493,494,495,496,497,498,501,502,504,505,507,508,509,510,518,519,523,524,525,526,527,533,534,535,544,558,559,560,561,590,591,592,600,606,607,608,612,613,614,636,638,639,642,643,644,648,649,653,654,662,688,689,696,697,698,704,705,727,728,729,730,731,732,733,734,735,745,746,747,748,749,750,751,772,773,780,781,782,814,815,816,817,827,828,832,833,834,835,836,837,838,839,840,841,842,843,856,857,860,861,862,884,916,917,918,945,952,953,960,961,962,967,974,977,981,982,991,992,993,1000,1001,1002,1011,1012,1013,1014,1021,1022,1023,1024,1025,1026,1027,1028,1029,1030,1031,1032,1037,1038,1039,1040,1041,1043,1044,1045,1046,1047,1048,1052,1053,1054,1055,1056,1057,1062,1063,1064,1065,1070,1071,1072,1075,1076,1077,1078,1079,1080,1081,1083,1085,1089,1092,1093,1095,1096,1099,1100,1101,1102,1103,1104,1105,1109,1111,1115,1118,1120,1121,1122,1131,1132,1134,1142,1144","0,1,2,3,4,5,6,7,8,42,44,49,50,51,57,59,98,100,101,102,105,106,107,108,110,112,127,128,129,133,134,140,141,152,154,155,157,163,187,188,189,192,196,218,236,241,247,248,251,277,278,280,281,283,293,294,295,296,297,298,300,301,330,331,332,354,355,365,366,367,373,376,377,378,379,436,437,438,439,440,441,488,504,505,507,508,510,512,514,515,527,552,553,554,555,556,557,558,559,560,580,581,587,588,604,605,612,613,614,624,625,640,641,642,643,644,645,646,647,653,654,662,663,664,691,692,696,697,727,728,729,730,731,732,733,734,735,745,746,755,756,757,766,767,814,815,816,818,819,820,821,822,823,824,825,826,832,833,834,835,836,837,863,916,917,918,972,973,1012,1104"
271,トリック,0,"97,98,99,100,115,116,117,119,120,177,233,236,237,238,241,275,283,323,324,325,345,350,351,368,369,396,397,473,474,477,484,485,490,523,526,527,533,534,535,544,636,637,638,639,642,643,644,730,731,732,748,749,864,868,869,878,958,959,960,961,962,963,964,965,981,982,1011,1023,1056,1074,1075,1076,1092,1093,1104,1109,1125,1131,1142","97,99,115,116,117,119,120,233,236,238,241,275,283,323,324,325,345,350,351,368,369,396,397,473,474,477,484,485,490,523,526,527,636,638,642,643,644,748,749,864,868,869,878,958,959,960,961,962,963,964,965,981,982,1023,1056,1074,1075,1076,1092,1093,1104,1109,1125,1131","97,99,115,116,117,119,120,233,236,238,241,275,283,323,324,325,345,350,351,368,369,396,397,473,474,477,484,485,490,523,526,527,636,638,642,643,644,748,749,864,868,869,878,958,959,960,961,962,963,964,965,981,982,1023,1056,1074,1075,1076,1092,1093,1104,1109,1125,1131","97,99,115,116,117,119,120,233,236,238,241,275,283,323,324,325,345,350,351,368,369,396,397,473,474,477,484,485,490,523,526,527,636,638,642,643,644,748,749,864,868,869,878,958,959,960,961,962,963,964,965,981,982,1023,1056,1074,1075,1076,1092,1093,1104,1125,1131",,"127,128,129,169,274,290,418,419,423,424,429,522,645,646,647,692,755,756,757,766,767,863,892","39,40,115,116,117,197,198,275,323,324,325,356,357,368,369,398,399,401,481,484,485,523,525,526,675,676,677,790,791,838,839,878,960,961,962,963,964,965,981,982,1011,1142","39,40,97,98,99,100,115,116,117,119,120,177,197,198,233,236,237,238,241,275,283,323,324,325,345,350,351,356,357,368,369,396,397,398,399,401,473,474,477,481,484,485,490,523,525,526,527,533,534,535,544,636,637,638,639,642,643,644,675,676,677,730,731,732,748,749,790,791,838,839,864,868,869,878,958,959,960,961,962,963,964,965,981,982,1011,1023,1056,1074,1075,1076,1092,1093,1104,1109,1125,1131,1142","115,116,117,238,345,473,474,490,525,526,527,637,639,675,676,677,790,791,868,869,878,958,959,1092,1093,1125","39,40,97,98,99,100,115,116,117,119,120,177,197,198,233,236,237,238,241,275,283,323,324,325,345,350,351,356,357,368,369,396,397,398,399,401,473,474,477,481,484,485,490,523,525,526,527,533,534,535,544,636,637,638,639,642,643,644,675,676,677,730,731,732,748,749,790,791,838,839,864,868,869,878,958,959,960,961,962,963,964,965,981,982,1011,1023,1056,1074,1075,1076,1092,1093,1104,1109,1125,1131,1142","98,100,127,128,129,169,236,241,274,283,418,419,522,527,642,643,644,645,646,647,692,730,731,732,755,756,757,766,767,863,958,959,1074,1104"
272,なりきり,0,"119,275,396,397,732,735,1011","119,275,396,397","119,275,396,397","119,275,396,397",,"756,757","275,1011","119,275,396,397,732,735,1011",,"119,275,396,397,732,735,1011","732,735,756,757"
273,ねがいごと,0,"165,208,210,241,325,413,662,730,747,748,749,875,1037,1043,1109,1111","165,208,210,241,325,413,662,747,748,749,875,1037,1043,1109,1111","165,208,210,241,325,413,662,747,748,749,875,1037,1043,1109,1111","165,208,210,241,325,413,662,747,748,749,875,1037,1043",,"354,355,423","208,325,357,481","165,208,210,241,325,357,413,481,662,730,747,748,749,875,1037,1043,1109,1111",1111,"165,208,210,241,325,357,413,481,662,730,747,748,749,875,1037,1043,1109,1111","241,354,355,413,662,730"
274,ねこのて,0,,,,,,,,,,,
275,ねをはる,0,"227,228,374,375,507,508,606,658,659,852,853,1071,1110,1126","227,228,374,375,507,508,606,658,659,852,853,1071,1110,1126","227,228,374,375,507,508,606,658,659,852,853,1071,1110","227,228,374,375,507,508,606,658,659,852,853,1071",,"0,49,127,187","82,606,790,791,852,853","82,227,228,374,375,507,508,606,658,659,790,791,852,853,1071,1110,1126","790,791","82,227,228,374,375,507,508,606,658,659,790,791,852,853,1071,1110,1126","0,49,127,187,507,508"
277,マジックコート,0,,,,,,,,,,,
278,リサイクル,0,"110,123,124,484,789,943,944,945,1138","123,484,789,943,944,945","123,484,789,943,944,945","123,484,789,943,944,945",124,"169,274,522,1149","175,481,484,494,943,944,945,1138","110,123,124,175,481,484,494,789,943,944,945,1138",,"110,123,124,175,481,484,494,789,943,944,945,1138","110,169,274,522,1149"
281,あくび,0,"65,97,98,99,100,165,231,232,236,237,244,256,330,332,359,360,365,366,367,470,497,498,533,681,745,827,828,864,875,1024,1025,1026,1030,1031,1032,1043,1092,1095,1098,1103,1105","65,97,99,165,231,236,244,256,330,332,359,360,365,366,367,470,497,498,681,745,827,828,864,875,1024,1025,1026,1030,1031,1032,1043,1092,1095,1098,1103,1105","65,97,99,165,231,236,244,256,330,332,359,360,365,366,367,470,497,498,681,745,827,828,864,875,1024,1025,1026,1030,1031,1032,1043,1092,1095,1098,1103,1105","65,97,99,165,231,236,244,256,330,332,359,360,365,366,367,470,497,498,681,745,827,828,864,875,1024,1025,1026,1030,1031,1032,1043,1092,1095,1098,1103,1105",,"6,271,299,555,755,1149","175,232,244,258,259,302,303,401,481,1014,1105","65,97,98,99,100,165,175,231,232,236,237,244,256,258,259,302,303,330,332,359,360,365,366,367,401,439,470,481,497,498,533,681,745,827,828,864,875,1014,1024,1025,1026,1030,1031,1032,1043,1092,1095,1098,1103,1105","1026,1092","65,97,98,99,100,165,175,231,232,236,237,244,256,258,259,302,303,330,332,359,360,365,366,367,401,439,470,481,497,498,533,681,745,827,828,864,875,1014,1024,1025,1026,1030,1031,1032,1043,1092,1095,1098,1103,1105","6,98,100,236,271,299,330,332,365,366,367,439,555,681,745,755,1149"
287,リフレッシュ,0,,,,,,,,,,,
288,おんねん,0,,,,,,,,,,,
289,よこどり,0,,,,,,,,,,,
293,ほごしょく,0,,,,,,,,,,,
297,フェザーダンス,0,"176,235,266,321,322,376,377,442,443,444,478,696,697,698,739,740,741,781,814,815,816,817,834,835,836,837,977,979,1028,1029,1048,1060,1061,1076,1082,1094","235,266,321,322,376,377,442,443,444,478,696,697,739,740,741,781,834,835,836,837,977,979,1028,1029,1048,1060,1061,1076,1082,1094","235,266,321,322,376,377,442,443,444,478,696,697,739,740,741,781,834,835,836,837,977,979,1028,1029,1048,1060,1061,1076,1082,1094","235,266,321,322,376,377,442,443,444,478,696,697,739,740,741,781,834,835,836,837,977,979,1028,1029,1048,1060,1061,1076,1082,1094",,"105,106,296,297,298,824,825,826","199,200,442,443,444,648,649,699,700,834,835,836,837,948,1082","176,199,200,235,266,321,322,376,377,439,440,441,442,443,444,478,648,649,696,697,698,699,700,739,740,741,781,814,815,816,817,834,835,836,837,948,977,979,1028,1029,1048,1060,1061,1076,1082,1094","816,837","176,199,200,235,266,321,322,376,377,439,440,441,442,443,444,478,648,649,696,697,698,699,700,739,740,741,781,814,815,816,817,834,835,836,837,948,977,979,1028,1029,1048,1060,1061,1076,1082,1094","105,106,296,297,298,376,377,439,440,441,696,697,699,700,739,740,741,814,815,816,824,825,826,834,835,836,837"
298,フラフラダンス,0,"369,374,607,608,834,835,836,837,860,861,862","369,374,607,834,835,836,837,860,861,862","369,374,607,834,835,836,837,860,861,862","369,374,607,834,835,836,837,860,861,862",,49,"313,314,315,369,607,834,835,836,837","313,314,315,369,374,607,608,834,835,836,837,860,861,862",837,"313,314,315,369,374,607,608,834,835,836,837,860,861,862","49,834,835,836,837"
300,どろあそび,0,,,,,,,,,,,
303,なまける,0,"97,98,99,100,236,237,330,332,497,498,1024,1059","97,99,236,330,332,497,498,1024,1059","97,99,236,330,332,497,498,1024,1059","97,99,236,330,332,497,498,1024,1059",,,,"97,98,99,100,236,237,330,332,436,437,438,497,498,1024,1059",,"97,98,99,100,236,237,330,332,436,437,438,497,498,1024,1059","98,100,236,330,332,436,437,438"
312,アロマセラピー,0,,,,,,,,,,,
313,うそなき,0,"26,27,28,45,46,60,61,62,63,64,165,166,167,168,210,219,220,221,233,234,238,254,256,257,328,329,341,404,405,449,450,451,465,477,486,509,518,519,526,636,637,638,639,642,643,644,653,654,780,857,924,925,926,963,964,965,967,1013,1021,1022,1023,1040,1041,1048,1062,1063,1077,1078,1079,1109,1111","26,27,45,46,60,63,165,166,167,168,210,219,220,221,233,234,238,254,256,257,328,329,341,404,405,449,450,451,465,477,486,509,518,519,526,636,638,642,643,644,653,654,780,857,924,925,926,963,964,965,1021,1022,1023,1040,1041,1048,1062,1063,1077,1078,1079,1109,1111","26,27,45,46,60,63,165,166,167,168,210,219,220,221,233,234,238,254,256,257,328,329,341,404,405,449,450,451,465,477,486,509,518,519,526,636,638,642,643,644,653,654,780,857,924,925,926,963,964,965,1021,1022,1023,1040,1041,1048,1062,1063,1077,1078,1079,1109,1111","26,27,45,46,60,63,165,166,167,168,210,219,220,221,233,234,238,254,256,257,328,329,341,404,405,449,450,451,465,477,486,509,518,519,526,636,638,642,643,644,653,654,780,857,924,925,926,963,964,965,1021,1022,1023,1040,1041,1048,1062,1063,1077,1078,1079",,"187,188,189,194,195,196,247,248,354,355,604,605,624,625,640,641,755,756,757,766,767,973","26,27,39,40,43,221,254,357,401,404,405,449,450,451,465,486,509,526,699,700,838,839,857,963,964,965,983,1014,1040,1041","26,27,28,39,40,42,43,44,45,46,60,61,62,63,64,165,166,167,168,210,219,220,221,233,234,238,254,256,257,328,329,341,357,401,404,405,436,437,438,449,450,451,465,477,486,509,518,519,526,636,637,638,639,642,643,644,653,654,699,700,780,838,839,857,924,925,926,963,964,965,967,983,1013,1014,1021,1022,1023,1040,1041,1048,1062,1063,1077,1078,1079,1109,1111","238,526,637,639,1111","26,27,28,39,40,42,43,44,45,46,60,61,62,63,64,165,166,167,168,210,219,220,221,233,234,238,254,256,257,328,329,341,357,401,404,405,436,437,438,449,450,451,465,477,486,509,518,519,526,636,637,638,639,642,643,644,653,654,699,700,780,838,839,857,924,925,926,963,964,965,967,983,1013,1014,1021,1022,1023,1040,1041,1048,1062,1063,1077,1078,1079,1109,1111","42,44,187,188,189,194,195,196,247,248,354,355,436,437,438,604,605,624,625,640,641,642,643,644,653,654,699,700,755,756,757,766,767,973"
316,かぎわける,0,,,,,,,,,,,
319,きんぞくおん,0,"57,59,62,101,102,123,125,167,178,243,484,485,496,510,540,693,694,789,926,951,952,953,967,1077,1078,1079,1086,1087,1089,1107,1113,1114,1117,1118,1125","101,102,123,125,167,243,484,485,496,510,693,694,789,926,951,952,953,1077,1078,1079,1086,1087,1089,1107,1113,1114,1117,1118,1125","101,102,123,125,167,243,484,485,496,510,693,694,789,926,951,952,953,1077,1078,1079,1086,1087,1089,1107,1113,1114,1117,1118,1125","101,102,123,125,167,243,484,485,496,510,693,694,789,926,951,952,953,1077,1078,1079,1086,1087,1089,1107,1125",,"154,268,280,456,457,514,587,588,708,891,990,1148,1153","484,485,496,524,693,694,884,1089,1107","57,59,62,101,102,123,125,167,178,243,441,484,485,496,510,524,540,693,694,789,884,926,951,952,953,967,1077,1078,1079,1086,1087,1089,1107,1113,1114,1117,1118,1125",1125,"57,59,62,101,102,123,125,167,178,243,441,484,485,496,510,524,540,693,694,789,884,926,951,952,953,967,1077,1078,1079,1086,1087,1089,1107,1113,1114,1117,1118,1125,1134","57,59,101,102,154,268,280,441,456,457,510,514,587,588,990,1148,1153"
320,くさぶえ,0,,,,,,,,,,,
321,くすぐる,0,"165,208,330,341,383,504,642,643,644,662,1040,1068,1083,1098,1126","165,208,330,341,383,504,642,643,644,662,1040,1068,1083,1098,1126","165,208,330,341,383,504,642,643,644,662,1040,1068,1083,1098","165,208,330,341,383,504,642,643,644,662,1040,1068,1083,1098",,"49,85,163,604,640,641,755","82,208,226,313,383,392,472,983,1040,1068","82,165,208,313,330,341,383,392,433,472,504,642,643,644,662,983,1040,1068,1083,1098,1126",,"82,165,208,313,330,341,383,392,433,472,504,642,643,644,662,983,1040,1068,1083,1098,1126","49,85,163,330,433,504,604,640,641,642,643,644,662,755"
335,とおせんぼう,0,"97,98,221,374,404,485,486,717,940,978,1033,1034,1054,1066,1070","97,221,374,404,485,486,940,978,1033,1034,1054,1066,1070","97,221,374,404,485,486,940,978,1033,1034,1054,1066,1070","97,221,374,404,485,486,940,978,1033,1034,1054,1066,1070",,"127,194,457","87,175,221,342,404,485,486,524","87,88,97,98,175,221,342,374,404,485,486,524,717,940,978,1033,1034,1054,1066,1070",1066,"87,88,97,98,175,221,342,374,404,485,486,524,717,940,978,1033,1034,1054,1066,1070","88,98,127,194,457"
336,とおぼえ,0,"69,70,71,72,190,269,270,365,449,495,730,731,732,840,841,842,843,1043,1092,1109,1141","69,71,269,270,365,449,495,840,841,842,843,1043,1092,1109","69,71,269,270,365,449,495,840,841,842,843,1043,1092,1109","69,71,269,270,365,449,495,840,841,842,843,1043,1092",,"284,1150","41,69,71,269,270,302,303,449,495,840,841,842,843,1141","41,42,69,70,71,72,190,269,270,302,303,365,449,495,730,731,732,840,841,842,843,1043,1092,1109,1141",1092,"41,42,69,70,71,72,190,269,270,302,303,365,449,495,730,731,732,840,841,842,843,1043,1092,1109,1141","42,190,365,730,731,732,1150"
339,ビルドアップ,0,"67,68,158,159,160,179,253,255,256,257,329,330,331,332,339,340,345,350,351,466,467,495,496,501,502,523,614,672,682,696,697,698,711,713,717,728,729,741,750,751,781,817,832,833,841,842,843,865,875,878,879,915,917,918,926,965,974,1000,1001,1002,1013,1017,1029,1039,1057,1085,1094,1102,1108,1109,1112,1141","67,68,158,159,160,253,256,257,329,330,331,332,339,340,345,350,351,466,467,495,496,501,502,523,614,672,682,696,697,741,750,751,781,832,833,841,842,843,865,875,878,879,926,965,974,1029,1039,1057,1085,1094,1102,1108,1109,1112","67,68,158,159,160,253,256,257,329,330,331,332,339,340,345,350,351,466,467,495,496,501,502,523,614,672,682,696,697,741,750,751,781,832,833,841,842,843,865,875,878,879,926,965,974,1029,1039,1057,1085,1094,1102,1108,1109,1112","67,68,158,159,160,253,256,257,329,330,331,332,339,340,345,350,351,466,467,495,496,501,502,523,614,672,682,696,697,741,750,751,781,832,833,841,842,843,865,875,878,879,926,965,974,1029,1039,1057,1085,1094,1102",,"133,134,154,247,248,277,278,297,298,301,514,556,557,624,625,818,819,820","67,68,75,253,495,496,523,590,591,592,672,688,689,841,842,843,878,882,883,884,965,1102,1141","67,68,75,158,159,160,179,253,255,256,257,329,330,331,332,339,340,345,350,351,436,437,438,466,467,495,496,501,502,523,590,591,592,614,672,682,688,689,696,697,698,711,713,717,728,729,741,750,751,781,817,832,833,841,842,843,865,875,878,879,882,883,884,915,917,918,926,965,974,1000,1001,1002,1013,1017,1029,1039,1057,1085,1094,1102,1108,1109,1112,1141","345,878,1057,1102","67,68,75,158,159,160,179,253,255,256,257,329,330,331,332,339,340,345,350,351,436,437,438,466,467,495,496,501,502,523,590,591,592,614,672,682,688,689,696,697,698,711,713,717,728,729,741,750,751,781,817,832,833,841,842,843,865,875,878,879,882,883,884,915,917,918,926,965,974,1000,1001,1002,1013,1017,1029,1039,1057,1085,1094,1102,1108,1109,1112,1132,1141","133,134,154,247,248,277,278,297,298,301,330,331,332,436,437,438,514,556,557,614,624,625,672,682,696,697,728,729,741,818,819,820,832,833,879,915,917,918"
346,みずあそび,0,,,,,,,,,,,
347,めいそう,0,"28,45,46,65,66,97,98,99,100,119,120,141,165,166,167,168,177,193,221,233,234,235,236,237,238,241,244,254,255,275,283,323,324,325,345,350,351,368,369,396,397,400,473,474,477,478,484,485,486,490,496,509,518,519,523,533,534,535,544,636,637,638,639,642,643,644,662,698,706,707,717,730,731,732,747,748,749,780,783,789,834,835,836,837,864,875,879,958,959,960,961,962,977,981,982,1007,1011,1017,1019,1020,1056,1074,1075,1076,1104,1105,1109,1111,1131,1139,1140,1142,1143","45,46,65,66,97,99,119,120,141,165,166,167,168,221,233,234,235,236,238,241,244,254,275,283,323,324,325,345,350,351,368,369,396,397,400,473,474,477,478,484,485,486,490,496,509,518,519,523,636,638,642,643,644,662,706,707,747,748,749,780,789,834,835,836,837,864,875,879,958,959,960,961,962,977,981,982,1056,1074,1075,1076,1104,1105,1109,1111,1131","45,46,65,66,97,99,119,120,141,165,166,167,168,221,233,234,235,236,238,241,244,254,275,283,323,324,325,345,350,351,368,369,396,397,400,473,474,477,478,484,485,486,490,496,509,518,519,523,636,638,642,643,644,662,706,707,747,748,749,780,789,834,835,836,837,864,875,879,958,959,960,961,962,977,981,982,1056,1074,1075,1076,1104,1105,1109,1111,1131","45,46,65,66,97,99,119,120,141,165,166,167,168,221,233,234,235,236,238,241,244,254,275,283,323,324,325,345,350,351,368,369,396,397,400,473,474,477,478,484,485,486,490,496,509,518,519,523,636,638,642,643,644,662,706,707,747,748,749,780,789,834,835,836,837,864,875,879,958,959,960,961,962,977,981,982,1056,1074,1075,1076,1104,1105,1131",,"128,129,284,285,286,290,291,423,424,429,552,553,554,640,641,645,646,647,708,709,710,722,755,756,757,766,767,823,863,874,891,892,900,973,1151,1153,1154,1155,1156","39,40,43,199,200,221,244,254,275,323,324,325,368,369,398,399,401,481,484,485,486,496,509,523,525,600,675,676,677,688,689,783,791,834,835,836,837,838,839,960,961,962,981,982,1011,1014,1105,1139,1140,1142,1143","28,39,40,43,44,45,46,65,66,97,98,99,100,119,120,141,165,166,167,168,177,193,199,200,221,233,234,235,236,237,238,241,244,254,255,275,283,323,324,325,345,350,351,368,369,396,397,398,399,400,401,438,473,474,477,478,481,484,485,486,490,496,509,518,519,523,525,533,534,535,544,600,636,637,638,639,642,643,644,662,675,676,677,688,689,698,706,707,717,730,731,732,747,748,749,780,783,789,791,834,835,836,837,838,839,864,875,879,958,959,960,961,962,977,981,982,1007,1011,1014,1017,1019,1020,1056,1074,1075,1076,1104,1105,1109,1111,1131,1139,1140,1142,1143","193,238,345,473,474,490,525,637,639,675,676,677,791,837,958,959,1007,1111,1139,1140","28,39,40,43,44,45,46,65,66,97,98,99,100,119,120,141,165,166,167,168,177,193,199,200,221,233,234,235,236,237,238,241,244,254,255,275,283,323,324,325,345,350,351,368,369,396,397,398,399,400,401,438,473,474,477,478,481,484,485,486,490,496,509,518,519,523,525,533,534,535,544,600,636,637,638,639,642,643,644,662,675,676,677,688,689,698,706,707,717,730,731,732,747,748,749,780,783,789,791,834,835,836,837,838,839,864,875,879,958,959,960,961,962,977,981,982,1007,1011,1014,1017,1019,1020,1056,1074,1075,1076,1104,1105,1109,1111,1131,1134,1139,1140,1142,1143","44,98,100,128,129,141,236,241,283,438,552,553,554,640,641,642,643,644,645,646,647,662,730,731,732,755,756,757,766,767,823,834,835,836,837,863,874,879,958,959,973,1074,1104,1151,1153,1154,1155,1156"
355,はねやすめ,0,"176,178,180,184,244,321,322,376,416,464,696,739,740,741,781,803,804,814,834,835,836,837,924,1027,1048,1060,1061,1075,1082,1094,1105,1130,1143","184,244,321,322,376,416,464,696,739,740,741,781,803,804,834,835,836,837,924,1027,1048,1060,1061,1075,1082,1094,1105,1130","184,244,321,322,376,416,464,696,739,740,741,781,803,804,834,835,836,837,924,1027,1048,1060,1061,1075,1082,1094,1105,1130","184,244,321,322,376,416,464,696,739,740,741,781,803,804,834,835,836,837,924,1027,1048,1060,1061,1075,1082,1094,1105,1130",,"268,824,825,826","199,200,244,356,357,648,649,699,803,804,834,835,836,837,948,1082,1105,1143","176,178,180,184,199,200,244,321,322,356,357,376,416,439,464,648,649,696,699,739,740,741,781,803,804,814,834,835,836,837,924,948,1027,1048,1060,1061,1075,1082,1094,1105,1130,1143",837,"176,178,180,184,199,200,244,321,322,356,357,376,416,439,464,648,649,696,699,739,740,741,781,803,804,814,834,835,836,837,924,948,1027,1048,1060,1061,1075,1082,1094,1105,1130,1143","268,376,439,696,699,739,740,741,814,824,825,826,834,835,836,837"
356,じゅうりょく,0,"45,46,101,102,141,210,233,241,242,243,275,283,325,345,351,484,485,488,510,519,544,642,643,644,717,783,864,868,869,962,978,981,1011,1054,1074,1104,1113","45,46,101,102,141,210,233,241,242,243,275,283,325,345,351,484,485,488,510,519,642,643,644,864,868,869,962,978,981,1054,1074,1104,1113","45,46,101,102,141,210,233,241,242,243,275,283,325,345,351,484,485,488,510,519,642,643,644,864,868,869,962,978,981,1054,1074,1104,1113","45,46,101,102,141,210,233,241,242,243,275,283,325,345,351,484,485,488,510,519,642,643,644,864,868,869,962,978,981,1054,1074,1104",,"128,129,169,274,418,419,429,522,645,646,647,691,692,755,756,757,766,767,874,900,1153,1154,1155,1156","39,40,275,325,342,398,399,401,481,484,485,524,525,783,962,981,1011","39,40,45,46,101,102,141,210,233,241,242,243,275,283,325,342,345,351,398,399,401,481,484,485,488,510,519,524,525,544,642,643,644,717,783,864,868,869,962,978,981,1011,1054,1074,1104,1113","345,525,868,869","39,40,45,46,101,102,141,210,233,241,242,243,275,283,325,342,345,351,398,399,401,481,484,485,488,510,519,524,525,544,642,643,644,717,783,864,868,869,962,978,981,1011,1054,1074,1104,1113","101,102,128,129,141,169,241,274,283,418,419,488,510,522,642,643,644,645,646,647,691,692,755,756,757,766,767,874,1074,1104,1153,1154,1155,1156"
357,ミラクルアイ,0,,,,,,,,,,,
361,いやしのねがい,0,"141,283,325,534,606,662,960,961,962,981,982,1019,1020","141,283,325,606,662,960,961,962,981,982","141,283,325,606,662,960,961,962,981,982","141,283,325,606,662,960,961,962,981,982",,423,"39,40,41,325,401,606,960,961,962,981,982","39,40,41,141,283,325,401,534,606,662,960,961,962,981,982,1019,1020",,"39,40,41,141,283,325,401,534,606,662,960,961,962,981,982,1019,1020","141,283,662"
367,つぼをつく,0,"249,250,350,351,860,949,975,1018,1068","249,350,351,860,949,975,1068","249,350,351,860,949,975,1068","249,350,351,860,949,975,1068","249,250","85,105,106,766","949,1068","249,250,350,351,860,949,975,1018,1068",,"249,250,350,351,860,949,975,1018,1068","85,105,106,249,766"
373,さしおさえ,0,,,,,,,,,,,
375,サイコシフト,0,,,,,,,,,,,
377,かいふくふうじ,0,,,,,,,,,,,
379,パワートリック,0,"242,350,351","242,350,351","242,350,351","242,350,351",,,,"242,350,351",,"242,350,351",
380,いえき,0,"359,360,379,671,672,936,1033,1034","359,360,379,671,672,936,1033,1034","359,360,379,671,672,936,1033,1034","359,360,379,671,672,936,1033,1034",,"552,553,554,663,664","24,25,82,83,84,671,672,936","24,25,82,83,84,359,360,379,671,672,936,1033,1034",,"24,25,82,83,84,359,360,379,671,672,936,1033,1034","379,552,553,554,663,664,671,672"
381,おまじない,0,,,,,,,,,,,
382,さきどり,0,,,,,,,,,,,
383,まねっこ,0,"45,46,141,165,166,167,168,210,221,233,234,283,341,486,488,495,496,518,519,534,558,636,730,747,780,878,1021,1040,1041,1043,1048,1064,1094","45,46,141,165,166,167,168,210,221,233,234,283,341,486,488,495,496,518,519,636,747,780,878,1021,1040,1041,1043,1048,1064,1094","45,46,141,165,166,167,168,210,221,233,234,283,341,486,488,495,496,518,519,636,747,780,878,1021,1040,1041,1043,1048,1064,1094","45,46,141,165,166,167,168,210,221,233,234,283,341,486,488,495,496,518,519,636,747,780,878,1021,1040,1041,1043,1048,1064,1094",,"354,355","39,40,221,486,495,496,878,1040,1041","39,40,45,46,141,165,166,167,168,210,221,233,234,283,341,486,488,495,496,518,519,534,558,636,730,747,780,878,1021,1040,1041,1043,1048,1064,1094",878,"39,40,45,46,141,165,166,167,168,210,221,233,234,283,341,486,488,495,496,518,519,534,558,636,730,747,780,878,1021,1040,1041,1043,1048,1064,1094","141,283,354,355,488,558,730"
384,パワースワップ,0,"233,241,350,1074,1104","233,241,350,1074,1104","233,241,350,1074,1104","233,241,350,1074,1104",,,,"233,241,350,1074,1104",,"233,241,350,1074,1104","241,1074,1104"
385,ガードスワップ,0,"119,234,241,350,1074,1104","119,234,241,350,1074,1104","119,234,241,350,1074,1104","119,234,241,350,1074,1104",,,258,"119,234,241,258,350,1074,1104",,"119,234,241,258,350,1074,1104","241,1074,1104"
388,なやみのタネ,0,"124,223,227,228,328,329,606,653,658,750,751,852,913,1021,1022,1023,1071,1072","223,227,228,328,329,606,653,658,750,751,852,1021,1022,1023,1071,1072","223,227,228,328,329,606,653,658,750,751,852,1021,1022,1023,1071,1072","223,227,228,328,329,606,653,658,750,751,852,1021,1022,1023,1071,1072",124,"0,1,2,127,128,129,293,604,863","82,316,598,606,852","82,124,223,227,228,316,328,329,433,598,606,653,658,750,751,852,913,1021,1022,1023,1071,1072",,"82,124,223,227,228,316,328,329,433,598,606,653,658,750,751,852,913,1021,1022,1023,1071,1072","0,1,2,127,128,129,293,433,604,653,863,913"
390,どくびし,0,"54,55,111,113,114,116,117,231,232,237,242,243,249,250,255,359,360,374,375,464,482,483,733,734,735,770,771,846,847,856,857,952,953,975,1017,1018,1023,1033,1034,1068,1069,1086,1087,1090,1091,1103,1118","54,55,111,113,114,116,117,231,242,243,249,359,360,374,375,464,482,483,770,771,846,847,856,857,952,953,975,1023,1033,1034,1068,1069,1086,1087,1090,1091,1103,1118","54,55,111,113,114,116,117,231,242,243,249,359,360,374,375,464,482,483,770,771,846,847,856,857,952,953,975,1023,1033,1034,1068,1069,1086,1087,1090,1091,1103,1118","54,55,111,113,114,116,117,231,242,243,249,359,360,374,375,464,482,483,770,771,846,847,856,857,952,953,975,1023,1033,1034,1068,1069,1086,1087,1090,1091,1103","249,250","85,86","24,25,116,117,136,137,203,204,232,245,318,520,856,857,1068,1069,1090,1091","24,25,54,55,111,113,114,116,117,136,137,138,203,204,231,232,237,242,243,245,249,250,255,318,359,360,374,375,464,482,483,520,733,734,735,770,771,846,847,856,857,952,953,975,1017,1018,1023,1033,1034,1068,1069,1086,1087,1090,1091,1103,1118","116,117","24,25,54,55,111,113,114,116,117,136,137,138,203,204,231,232,237,242,243,245,249,250,255,318,359,360,374,375,464,482,483,520,733,734,735,770,771,846,847,856,857,952,953,975,1017,1018,1023,1033,1034,1068,1069,1086,1087,1090,1091,1103,1118","54,55,85,86,249,733,734,735"
391,ハートスワップ,0,,,,,,,,,,,
392,アクアリング,0,"113,166,219,220,321,413,466,504,505,662,919,979","113,166,219,220,321,413,466,504,505,662,979","113,166,219,220,321,413,466,504,505,662,979","113,166,219,220,321,413,466,504,505,662,979",,"6,85,107,108,206,207,821,850,851","393,648,649,948","113,166,219,220,321,393,413,439,466,504,505,648,649,662,919,948,979",,"113,166,219,220,321,393,413,439,466,504,505,648,649,662,919,948,979","6,85,107,108,206,207,413,439,504,505,662,821,850,851,919"
393,でんじふゆう,0,"101,102,123,125,243,510,782,789,1004,1087","101,102,123,125,243,510,782,789,1087","101,102,123,125,243,510,782,789,1087","101,102,123,125,243,510,782,789,1087",,"169,274,418,419,522",524,"101,102,123,125,243,510,524,782,789,1004,1087",,"101,102,123,125,243,510,524,782,789,1004,1087","101,102,169,274,418,419,510,522"
397,ロックカット,0,"486,783,937,940,941,942,978,1052,1053,1054,1090,1091","486,937,940,941,942,978,1052,1053,1054,1090,1091","486,937,940,941,942,978,1052,1053,1054,1090,1091","486,937,940,941,942,978,1052,1053,1054,1090,1091",,"139,874,1154,1155,1156","87,89,91,486,783,937,1090,1091","87,88,89,90,91,92,486,783,937,940,941,942,978,1052,1053,1054,1090,1091",,"87,88,89,90,91,92,486,783,937,940,941,942,978,1052,1053,1054,1090,1091","88,90,92,139,874,1154,1155,1156"
415,すりかえ,0,"63,64,120,223,255,374,378,379,404,732,733,789,803,1040,1064,1065","63,120,223,374,378,379,404,789,803,1040,1064,1065","63,120,223,374,378,379,404,789,803,1040,1064,1065","63,120,223,374,378,379,404,789,803,1040,1064,1065",,"354,355,604,766,767","24,226,384,404,598,803,838,839,1040","24,63,64,120,223,255,374,378,379,384,404,436,598,732,733,789,803,838,839,1040,1064,1065",,"24,63,64,120,223,255,374,378,379,384,404,436,598,732,733,789,803,838,839,1040,1064,1065","354,355,378,379,436,604,732,733,766,767"
417,わるだくみ,0,"26,27,28,45,46,60,61,62,63,64,65,66,99,100,115,116,117,119,120,181,208,235,236,237,238,241,254,255,269,270,345,369,374,375,396,397,477,478,482,483,490,495,496,501,502,509,527,533,534,535,636,637,638,639,642,643,644,703,704,705,711,713,717,732,814,815,816,817,856,857,864,924,925,926,958,959,963,964,965,967,1007,1017,1021,1022,1023,1064,1065,1082,1099,1100,1101,1104,1124,1125,1129,1139,1140,1142,1143","26,27,45,46,60,63,65,66,99,115,116,117,119,120,208,235,236,238,241,254,269,270,345,369,374,375,396,397,477,478,482,483,490,495,496,501,502,509,527,636,638,642,643,644,703,704,705,856,857,864,924,925,926,958,959,963,964,965,1021,1022,1023,1064,1065,1082,1099,1100,1101,1104,1124,1125,1129","26,27,45,46,60,63,65,66,99,115,116,117,119,120,208,235,236,238,241,254,269,270,345,369,374,375,396,397,477,478,482,483,490,495,496,501,502,509,527,636,638,642,643,644,703,704,705,856,857,864,924,925,926,958,959,963,964,965,1021,1022,1023,1064,1065,1082,1099,1100,1101,1104,1124,1125","26,27,45,46,60,63,65,66,99,115,116,117,119,120,208,235,236,238,241,254,269,270,345,369,374,375,396,397,477,478,482,483,490,495,496,501,502,509,527,636,638,642,643,644,703,704,705,856,857,864,924,925,926,958,959,963,964,965,1021,1022,1023,1064,1065,1082,1099,1100,1101,1104,1124,1125",,"354,355,429,522,755,756,757,766,767,818,819,820,1149","26,27,41,43,115,116,117,199,200,208,226,254,269,270,302,303,316,317,318,369,385,472,495,496,509,699,700,856,857,963,964,965,983,1082,1139,1140,1142,1143","26,27,28,41,42,43,44,45,46,60,61,62,63,64,65,66,99,100,115,116,117,119,120,181,199,200,208,235,236,237,238,241,254,255,269,270,302,303,316,317,318,345,369,374,375,385,396,397,436,437,438,472,477,478,482,483,490,495,496,501,502,509,527,533,534,535,636,637,638,639,642,643,644,699,700,703,704,705,711,713,717,732,814,815,816,817,856,857,864,924,925,926,958,959,963,964,965,967,983,1007,1017,1021,1022,1023,1064,1065,1082,1099,1100,1101,1104,1124,1125,1129,1139,1140,1142,1143","115,116,117,238,345,490,527,637,639,816,958,959,1007,1124,1125,1139,1140","26,27,28,41,42,43,44,45,46,60,61,62,63,64,65,66,99,100,115,116,117,119,120,181,199,200,208,235,236,237,238,241,254,255,269,270,302,303,316,317,318,345,369,374,375,385,396,397,436,437,438,472,477,478,482,483,490,495,496,501,502,509,527,533,534,535,636,637,638,639,642,643,644,699,700,703,704,705,711,713,717,732,814,815,816,817,856,857,864,924,925,926,958,959,963,964,965,967,983,1007,1017,1021,1022,1023,1064,1065,1082,1099,1100,1101,1104,1124,1125,1129,1139,1140,1142,1143","42,44,100,236,241,354,355,436,437,438,522,527,642,643,644,699,700,732,755,756,757,766,767,814,815,816,818,819,820,958,959,1104,1149"
432,きりばらい,0,"152,376,473,608,696,697,698,739,781,803,814,834,835,836,837,852,924,977","152,376,473,696,697,739,781,803,834,835,836,837,852,924,977","152,376,473,696,697,739,781,803,834,835,836,837,852,924,977","152,376,473,696,697,739,781,803,834,835,836,837,852,924,977",,,"199,200,316,590,648,649,699,700,803,834,835,836,837,852,948","138,152,199,200,316,376,473,590,608,648,649,696,697,698,699,700,739,781,803,814,834,835,836,837,852,924,948,977","473,837","138,152,199,200,316,376,473,590,608,648,649,696,697,698,699,700,739,781,803,814,834,835,836,837,852,924,948,977","152,376,696,697,699,700,739,814,834,835,836,837"
445,ゆうわく,0,,,,,,,,,,,
446,ステルスロック,0,"45,46,56,57,58,59,62,68,70,72,141,221,231,232,242,243,244,272,273,283,287,288,289,365,366,367,382,383,470,471,484,485,486,491,492,493,497,498,533,534,535,540,612,613,614,693,694,705,717,783,802,840,841,842,843,848,849,868,869,937,940,941,942,946,947,967,978,984,985,1012,1052,1053,1054,1070,1077,1078,1079,1082,1089,1090,1091,1102,1103,1105,1107,1108,1109,1113,1114,1119,1128","45,46,56,58,68,141,221,231,242,243,244,272,273,283,287,288,289,365,366,367,382,383,470,471,484,485,486,491,492,493,497,498,612,613,614,693,694,705,840,841,842,843,848,849,868,869,937,940,941,942,946,947,978,984,985,1052,1053,1054,1070,1077,1078,1079,1082,1089,1090,1091,1102,1103,1105,1107,1108,1109,1113,1114,1119,1128","45,46,56,58,68,141,221,231,242,243,244,272,273,283,287,288,289,365,366,367,382,383,470,471,484,485,486,491,492,493,497,498,612,613,614,693,694,705,840,841,842,843,848,849,868,869,937,940,941,942,946,947,978,984,985,1052,1053,1054,1070,1077,1078,1079,1082,1089,1090,1091,1102,1103,1105,1107,1108,1109,1113,1114,1119","45,46,56,58,68,141,221,231,242,243,244,272,273,283,287,288,289,365,366,367,382,383,470,471,484,485,486,491,492,493,497,498,612,613,614,693,694,705,840,841,842,843,848,849,868,869,937,940,941,942,946,947,978,984,985,1052,1053,1054,1070,1077,1078,1079,1082,1089,1090,1091,1102,1103,1105,1107",,"139,140,268,300,301,371,372,373,418,419,429,454,455,456,457,512,587,588,691,692,708,709,716,874,900,990,1148,1154,1155,1156","29,31,39,40,68,87,89,91,221,232,244,245,258,259,260,261,342,382,383,484,485,486,491,492,493,520,521,524,693,694,783,840,841,842,843,848,849,884,937,1082,1089,1090,1091,1102,1105,1107","29,30,31,32,39,40,45,46,56,57,58,59,62,68,70,72,87,88,89,90,91,92,141,221,231,232,242,243,244,245,258,259,260,261,272,273,283,287,288,289,342,365,366,367,382,383,433,434,435,436,437,438,441,470,471,484,485,486,491,492,493,497,498,520,521,524,533,534,535,540,612,613,614,693,694,705,717,783,802,840,841,842,843,848,849,868,869,884,937,940,941,942,946,947,967,978,984,985,1012,1052,1053,1054,1070,1077,1078,1079,1082,1089,1090,1091,1102,1103,1105,1107,1108,1109,1113,1114,1119,1128","868,869,1102","29,30,31,32,39,40,45,46,56,57,58,59,62,68,70,72,87,88,89,90,91,92,141,221,231,232,242,243,244,245,258,259,260,261,272,273,283,287,288,289,342,365,366,367,382,383,433,434,435,436,437,438,441,470,471,484,485,486,491,492,493,497,498,520,521,524,533,534,535,540,612,613,614,693,694,705,717,783,802,840,841,842,843,848,849,868,869,884,937,940,941,942,946,947,967,978,984,985,1012,1052,1053,1054,1070,1077,1078,1079,1082,1089,1090,1091,1102,1103,1105,1107,1108,1109,1113,1114,1119,1128","29,31,57,59,88,90,92,139,140,141,268,283,300,301,365,366,367,371,372,373,418,419,433,434,435,436,437,438,441,454,455,456,457,512,587,588,612,613,614,691,692,874,990,1012,1148,1154,1155,1156"
455,ぼうぎょしれい,0,464,464,464,464,,,,464,,464,
456,かいふくしれい,0,,,,,,,,,,,
461,みかづきのまい,0,544,,,,,,,544,,544,
464,ダークホール,0,,,,,,,,,,,
468,つめとぎ,0,"56,57,62,254,255,378,509,612,613,614,636,637,638,639,696,697,698,772,773,781,878,924,925,926,967,1017,1021,1022,1023,1062,1063,1082","56,254,378,509,612,613,614,636,638,696,697,772,773,781,878,924,925,926,1021,1022,1023,1062,1063,1082","56,254,378,509,612,613,614,636,638,696,697,772,773,781,878,924,925,926,1021,1022,1023,1062,1063,1082","56,254,378,509,612,613,614,636,638,696,697,772,773,781,878,924,925,926,1021,1022,1023,1062,1063,1082",,"418,419,587,588,990,1148","29,254,509,688,689,878,1082","29,30,56,57,62,254,255,378,509,612,613,614,636,637,638,639,688,689,696,697,698,772,773,781,878,924,925,926,967,1017,1021,1022,1023,1062,1063,1082","637,639,878","29,30,56,57,62,254,255,378,509,612,613,614,636,637,638,639,688,689,696,697,698,772,773,781,878,924,925,926,967,1017,1021,1022,1023,1062,1063,1082","29,57,378,418,419,587,588,612,613,614,696,697,990,1148"
470,ガードシェア,0,"783,982",982,982,982,,"139,423,456","783,982","783,982",,"783,982","139,456"
471,パワーシェア,0,"119,326,981","119,326,981","119,326,981","119,326,981",,"424,850","326,675,981","119,326,675,981",675,"119,326,675,981",850
472,ワンダールーム,0,"65,66,238,533,534,535","65,66,238","65,66,238","65,66,238",,"645,646,647",,"65,66,238,533,534,535",238,"65,66,238,533,534,535","645,646,647"
475,ボディパージ,0,,,,,,,,,,,
477,テレキネシス,0,,,,,,,,,,,
478,マジックルーム,0,"533,534,535,642,643,644,730,731,732,789","642,643,644,789","642,643,644,789","642,643,644,789",,,,"533,534,535,642,643,644,730,731,732,789",,"533,534,535,642,643,644,730,731,732,789","642,643,644,730,731,732"
487,みずびたし,0,"65,66,321,322,326,327,341,413,466,467,504,505,558,559,560,610,611,662,919,920,921,979,1015,1016,1058,1098,1099,1100,1101","65,66,321,322,326,327,341,413,466,467,504,505,610,662,979,1058,1098,1099,1100,1101","65,66,321,322,326,327,341,413,466,467,504,505,610,662,979,1058,1098,1099,1100,1101","65,66,321,322,326,327,341,413,466,467,504,505,610,662,979,1058,1098,1099,1100,1101",,"206,850,851","326,327,610,611,1015,1016","65,66,321,322,326,327,341,413,466,467,504,505,558,559,560,610,611,662,919,920,921,979,1015,1016,1058,1098,1099,1100,1101","1015,1016","65,66,321,322,326,327,341,413,466,467,504,505,558,559,560,610,611,662,919,920,921,979,1015,1016,1058,1098,1099,1100,1101","206,413,504,505,558,559,560,662,850,851,919,920,921"
489,とぐろをまく,0,"244,379,671,672,946,947,1089,1105","244,379,671,672,946,947,1089,1105","244,379,671,672,946,947,1089,1105","244,379,671,672,946,947,1089,1105",,"552,553,554","24,25,198,244,393,671,672,1089,1105","24,25,198,244,379,393,671,672,946,947,1089,1105",,"24,25,198,244,379,393,671,672,946,947,1089,1105","379,552,553,554,671,672"
493,シンプルビーム,0,"65,368","65,368","65,368","65,368",,424,368,"65,368",,"65,368",
494,なかまづくり,0,"413,606,607,608,745,772,781,782,1037,1038,1039,1095","413,606,607,745,772,781,782,1037,1038,1039,1095","413,606,607,745,772,781,782,1037,1038,1039,1095","413,606,607,745,772,781,782,1037,1038,1039,1095",,"107,354,355,850,851,972,973","481,600,606,607","413,481,600,606,607,608,745,772,781,782,1037,1038,1039,1095",,"413,481,600,606,607,608,745,772,781,782,1037,1038,1039,1095","107,354,355,413,745,850,851,972,973"
495,おさきにどうぞ,0,"181,215,231,330,606,607,608,864,960,981,1040","215,231,330,606,607,864,960,981,1040","215,231,330,606,607,864,960,981,1040","215,231,330,606,607,864,960,981,1040",,"49,640,641,863","39,40,606,607,960,981,1040","39,40,181,215,231,330,606,607,608,864,960,981,1040",,"39,40,181,215,231,330,606,607,608,864,960,981,1040","49,330,640,641,863"
505,いやしのはどう,0,"97,98,99,100,141,210,236,237,283,323,324,325,496,523,642,773,960,961,962,982","97,99,141,210,236,283,323,324,325,496,523,642,773,960,961,962,982","97,99,141,210,236,283,323,324,325,496,523,642,773,960,961,962,982","97,99,141,210,236,283,323,324,325,496,523,642,773,960,961,962,982",,"187,423,424","323,324,325,401,496,523,960,961,962,982","97,98,99,100,141,210,236,237,283,323,324,325,401,496,523,642,773,960,961,962,982",,"97,98,99,100,141,210,236,237,283,323,324,325,401,496,523,642,773,960,961,962,982","98,100,141,187,236,283,642"
511,さきおくり,0,"64,235,345,478,864,960,1077","235,345,478,864,960,1077","235,345,478,864,960,1077","235,345,478,864,960,1077",,,"960,983","64,235,345,478,864,960,983,1077",345,"64,235,345,478,864,960,983,1077",
513,ミラータイプ,0,"115,117,1069","115,117,1069","115,117,1069","115,117,1069",,"86,423","115,117,1069","115,117,1069","115,117","115,117,1069",86
516,ギフトパス,0,,,,,,,,,,,
526,ふるいたてる,0,"157,158,159,160,350,351,495,496,703,704,705,745,746,827,828,1027,1028,1029,1030,1031,1032,1043,1044,1117","157,158,159,160,350,351,495,496,703,704,705,745,746,827,828,1027,1028,1029,1030,1031,1032,1043,1044,1117","157,158,159,160,350,351,495,496,703,704,705,745,746,827,828,1027,1028,1029,1030,1031,1032,1043,1044,1117","157,158,159,160,350,351,495,496,703,704,705,745,746,827,828,1027,1028,1029,1030,1031,1032,1043,1044",,"708,709,710,722","495,496,882,883,884","157,158,159,160,350,351,495,496,703,704,705,745,746,827,828,882,883,884,1027,1028,1029,1030,1031,1032,1043,1044,1117",,"157,158,159,160,350,351,495,496,703,704,705,745,746,827,828,882,883,884,1027,1028,1029,1030,1031,1032,1043,1044,1117","157,745,746"
561,たたみがえし,0,,,,,,,,,,,
563,たがやす,0,,,,,,,,,,,
564,ねばねばネット,0,"326,448,1033,1034","326,448,1033,1034","326,448,1033,1034","326,448,1033,1034",,"664,850","203,204,326,448,598,599,829,830,831,838","203,204,326,448,598,599,829,830,831,838,1033,1034",,"203,204,326,448,598,599,829,830,831,838,1033,1034","664,850"
567,ハロウィン,0,,,,,,,,,,,
568,おたけび,0,"745,746,915,952,953,1098,1109","745,746,952,953,1098,1109","745,746,952,953,1098,1109","745,746,952,953,1098",,"715,716,719,720,721,891,1150","882,883,884","745,746,882,883,884,915,952,953,1098,1109",,"745,746,882,883,884,915,952,953,1098,1109","745,746,915,1150"
569,プラズマシャワー,0,,,,,,,,,,,
571,もりののろい,0,,,,,,,"790,791","790,791","790,791","790,791",
576,ひっくりかえす,0,,,,,,"766,767",,,,,"766,767"
578,トリックガード,0,,,,,,,,,,,
579,フラワーガード,0,,,,,,,,,,,
580,グラスフィールド,0,"124,126,223,224,225,227,228,328,329,374,375,400,607,608,653,654,658,659,727,728,729,747,748,749,750,751,814,815,816,817,852,853,860,861,862,913,914,915,944,945,1019,1020,1021,1022,1023,1045,1046,1047,1066,1067,1068,1069,1071,1072,1110,1126,1138,1139,1140,1144","223,224,225,227,228,328,329,374,375,400,607,653,654,658,659,747,748,749,750,751,852,853,860,861,862,944,945,1021,1022,1023,1045,1046,1047,1066,1067,1068,1069,1071,1072,1110,1126","223,224,225,227,228,328,329,374,375,400,607,653,654,658,659,747,748,749,750,751,852,853,860,861,862,944,945,1021,1022,1023,1045,1046,1047,1066,1067,1068,1069,1071,1072,1110","223,224,225,227,228,328,329,374,375,400,607,653,654,658,659,747,748,749,750,751,852,853,860,861,862,944,945,1021,1022,1023,1045,1046,1047,1066,1067,1068,1069,1071,1072","124,126","0,1,2,49,50,51,127,128,129,187,188,189,218,293,294,295,552,553,554,604,605,863,1149","82,83,84,313,314,315,316,317,318,598,599,600,607,790,791,852,853,944,945,1068,1069,1138,1139,1140,1144","82,83,84,124,126,223,224,225,227,228,313,314,315,316,317,318,328,329,374,375,400,433,434,435,598,599,600,607,608,653,654,658,659,727,728,729,747,748,749,750,751,790,791,814,815,816,817,852,853,860,861,862,913,914,915,944,945,1019,1020,1021,1022,1023,1045,1046,1047,1066,1067,1068,1069,1071,1072,1110,1126,1138,1139,1140,1144","790,791,816,1066,1067,1139,1140","82,83,84,124,126,223,224,225,227,228,313,314,315,316,317,318,328,329,374,375,400,433,434,435,598,599,600,607,608,653,654,658,659,727,728,729,747,748,749,750,751,790,791,814,815,816,817,852,853,860,861,862,913,914,915,944,945,1019,1020,1021,1022,1023,1045,1046,1047,1066,1067,1068,1069,1071,1072,1110,1126,1138,1139,1140,1144","0,1,2,49,50,51,127,128,129,187,188,189,218,293,294,295,433,434,435,552,553,554,604,605,653,654,727,728,729,814,815,816,863,913,914,915,1149"
581,ミストフィールド,0,"45,46,210,219,220,323,324,325,523,662,747,748,749,780,782,783,789,878,960,961,962,963,964,965,1019,1020,1027,1028,1029,1043,1044,1109,1111,1131","45,46,210,219,220,323,324,325,523,662,747,748,749,780,782,789,878,960,961,962,963,964,965,1027,1028,1029,1043,1044,1109,1111,1131","45,46,210,219,220,323,324,325,523,662,747,748,749,780,782,789,878,960,961,962,963,964,965,1027,1028,1029,1043,1044,1109,1111,1131","45,46,210,219,220,323,324,325,523,662,747,748,749,780,782,789,878,960,961,962,963,964,965,1027,1028,1029,1043,1044,1131",,"604,605,756,821,822,823,972,973","39,40,323,324,325,523,783,878,960,961,962,963,964,965","39,40,42,44,45,46,138,210,219,220,323,324,325,523,662,747,748,749,780,782,783,789,878,960,961,962,963,964,965,1019,1020,1027,1028,1029,1043,1044,1109,1111,1131","878,1111","39,40,42,44,45,46,138,210,219,220,323,324,325,523,662,747,748,749,780,782,783,789,878,960,961,962,963,964,965,1019,1020,1027,1028,1029,1043,1044,1109,1111,1131","42,44,604,605,662,756,821,822,823,972,973"
582,そうでん,0,,,,,,,,,,,
587,フェアリーロック,0,789,789,789,789,,,,789,,789,
588,キングシールド,0,,,,,,,,,,,
589,なかよくする,0,"26,27,28,208,256,257,642,643,644,662,681,682,860,861,862,960,961,962,981,982,1013","26,27,208,256,257,642,643,644,662,681,682,860,861,862,960,961,962,981,982","26,27,208,256,257,642,643,644,662,681,682,860,861,862,960,961,962,981,982","26,27,208,256,257,642,643,644,662,681,682,860,861,862,960,961,962,981,982",,"354,355","26,27,208,357,960,961,962,981,982,1014","26,27,28,208,256,257,357,642,643,644,662,681,682,860,861,862,960,961,962,981,982,1013,1014",,"26,27,28,208,256,257,357,642,643,644,662,681,682,860,861,862,960,961,962,981,982,1013,1014","354,355,642,643,644,662,681,682"
590,ないしょばなし,0,"963,964,965","963,964,965","963,964,965","963,964,965",,,"963,964,965","963,964,965",,"963,964,965",
596,ニードルガード,0,"375,729,1091,1144","375,1091","375,1091","375,1091",,,"1091,1144","375,729,1091,1144",,"375,729,1091,1144",729
597,アロマミスト,0,"464,860,861,862,958,959,960,961,962","464,860,861,862,958,959,960,961,962","464,860,861,862,958,959,960,961,962","464,860,861,862,958,959,960,961,962",,"972,973","838,960,961,962","138,464,838,860,861,862,958,959,960,961,962","958,959","138,464,838,860,861,862,958,959,960,961,962","958,959,972,973"
599,ベノムトラップ,0,,,,,,,,,,,
600,ふんじん,0,,,,,,,,,,,
601,ジオコントロール,0,,,,,,,,,,,
602,じばそうさ,0,"125,178,217,510,953,1113","125,217,510,953,1113","125,217,510,953,1113","125,217,510,953",,,524,"125,178,217,510,524,953,1113",,"125,178,217,510,524,953,1113",510
603,ハッピータイム,0,639,,,,,,,639,639,639,
604,エレキフィールド,0,"26,27,28,101,102,123,124,125,126,141,167,178,208,215,216,217,283,449,450,451,465,510,527,671,672,713,782,952,953,975,1004,1037,1038,1039,1058,1059,1060,1061,1113,1114,1115,1116,1117,1118,1119,1131","26,27,101,102,123,125,141,167,208,215,216,217,283,449,450,451,465,510,527,671,672,782,952,953,975,1037,1038,1039,1058,1059,1060,1061,1113,1114,1115,1116,1117,1118,1119,1131","26,27,101,102,123,125,141,167,208,215,216,217,283,449,450,451,465,510,527,671,672,782,952,953,975,1037,1038,1039,1058,1059,1060,1061,1113,1114,1115,1116,1117,1118,1119,1131","26,27,101,102,123,125,141,167,208,215,216,217,283,449,450,451,465,510,527,671,672,782,952,953,975,1037,1038,1039,1058,1059,1060,1061,1131","124,126","154,206,207,280,284,354,355,514,580,581,716,1151,1152,1153","26,27,208,449,450,451,465,671,672,829,830,831,983","26,27,28,90,92,101,102,123,124,125,126,141,167,178,208,215,216,217,283,449,450,451,465,510,527,671,672,713,782,829,830,831,952,953,975,983,1004,1037,1038,1039,1058,1059,1060,1061,1113,1114,1115,1116,1117,1118,1119,1131",527,"26,27,28,90,92,101,102,123,124,125,126,141,167,178,208,215,216,217,283,449,450,451,465,510,527,671,672,713,782,829,830,831,952,953,975,983,1004,1037,1038,1039,1058,1059,1060,1061,1113,1114,1115,1116,1117,1118,1119,1131,1134","90,92,101,102,141,154,206,207,280,283,354,355,510,514,527,580,581,671,672,1151,1152,1153"
606,おいわい,0,"26,1037,1055","26,1037,1055","26,1037,1055","26,1037,1055",,,26,"26,1037,1055",,"26,1037,1055",
607,てをつなぐ,0,,,,,,,,,,,
608,つぶらなひとみ,0,"165,166,167,168,233,234,256,413,449,465,518,519,780,878,1040,1041,1043,1044,1075,1076,1077,1078,1079","165,166,167,168,233,234,256,413,449,465,518,519,780,878,1040,1041,1043,1044,1075,1076,1077,1078,1079","165,166,167,168,233,234,256,413,449,465,518,519,780,878,1040,1041,1043,1044,1075,1076,1077,1078,1079","165,166,167,168,233,234,256,413,449,465,518,519,780,878,1040,1041,1043,1044,1075,1076,1077,1078,1079",,"640,641,821,822,823,972","41,197,449,465,878,1040,1041","41,42,165,166,167,168,197,233,234,256,413,449,465,518,519,780,878,1040,1041,1043,1044,1075,1076,1077,1078,1079",878,"41,42,165,166,167,168,197,233,234,256,413,449,465,518,519,780,878,1040,1041,1043,1044,1075,1076,1077,1078,1079","42,413,640,641,821,822,823,972"
659,すなあつめ,0,"868,869","868,869","868,869","868,869",,,,"868,869","868,869","868,869",
661,トーチカ,0,847,847,847,847,,,,847,,847,
666,フラワーヒール,0,,,,,,863,,,,,863
668,ちからをすいとる,0,"223,474,959,1045,1066,1140","223,474,959,1045,1066","223,474,959,1045,1066","223,474,959,1045,1066",,49,"82,1140","82,223,474,959,1045,1066,1140","474,959,1066,1140","82,223,474,959,1045,1066,1140","49,959"
671,スポットライト,0,,,,,,,,,,,
672,どくのいと,0,,,,,,,"203,204","203,204",,"203,204",
673,とぎすます,0,,,,,,,,,,,
674,アシストギア,0,,,,,,,,,,,
678,サイコフィールド,0,"28,97,98,99,100,119,120,233,236,237,241,323,324,325,350,351,368,369,484,485,523,544,642,643,644,698,730,731,732,864,879,960,961,962,981,982,1056,1074,1075,1076,1097,1104,1109,1131,1142","97,99,119,120,233,236,241,323,324,325,350,351,368,369,484,485,523,642,643,644,864,879,960,961,962,981,982,1056,1074,1075,1076,1097,1104,1109,1131","97,99,119,120,233,236,241,323,324,325,350,351,368,369,484,485,523,642,643,644,864,879,960,961,962,981,982,1056,1074,1075,1076,1097,1104,1109,1131","97,99,119,120,233,236,241,323,324,325,350,351,368,369,484,485,523,642,643,644,864,879,960,961,962,981,982,1056,1074,1075,1076,1097,1104,1131",,"128,129,429,645,646,647,756,757","323,324,325,368,369,484,485,523,960,961,962,981,982,1142","28,97,98,99,100,119,120,233,236,237,241,323,324,325,350,351,368,369,484,485,523,544,642,643,644,698,730,731,732,864,879,960,961,962,981,982,1056,1074,1075,1076,1097,1104,1109,1131,1142",,"28,97,98,99,100,119,120,233,236,237,241,323,324,325,350,351,368,369,484,485,523,544,642,643,644,698,730,731,732,864,879,960,961,962,981,982,1056,1074,1075,1076,1097,1104,1109,1131,1142","98,100,128,129,236,241,642,643,644,645,646,647,730,731,732,756,757,879,1074,1104"
683,スピードスワップ,0,1074,1074,1074,1074,,,,1074,,1074,1074
685,じょうか,0,,,,,,,,,,,
689,さいはい,0,864,864,864,864,,,,864,,864,
702,ナインエボルブースト,0,,,,,,,,,,,
715,なみだめ,0,"221,486,747,782,787,788,919,920,921,951,952,953","221,486,747,782,787,951,952,953","221,486,747,782,787,951,952,953","221,486,747,782,787,951,952,953",,,"221,486,787","221,486,747,782,787,788,919,920,921,951,952,953",,"221,486,747,782,787,788,919,920,921,951,952,953","919,920,921"
743,ダイウォール,0,,,,,,,,,,,
747,ほおばる,0,"359,922,923,1030","359,922,923,1030","359,922,923,1030","359,922,923,1030",,,"922,923","359,922,923,1030",,"359,922,923,1030",
748,はいすいのじん,0,974,974,974,974,,,,974,,974,
749,タールショット,0,942,942,942,942,,,,942,,942,
750,まほうのこな,0,962,962,962,962,,,962,962,,962,
752,おちゃかい,0,959,959,959,959,,,,959,959,959,959
753,たこがため,0,,,,,,,,,,,
756,コートチェンジ,0,918,,,,,,,918,,918,918
775,ソウルビート,0,,,,,,,884,884,,884,
777,デコレーション,0,,,,,,973,,,,,973
791,いのちのしずく,0,"113,141,283,323,324,325,496,523,784,960,961,962,1139,1140","113,141,283,323,324,325,496,523,784,960,961,962","113,141,283,323,324,325,496,523,784,960,961,962","113,141,283,323,324,325,496,523,784,960,961,962",,"6,163,291,821","39,40,323,324,325,393,496,523,784,960,961,962,1139,1140","39,40,113,141,283,323,324,325,393,496,523,784,960,961,962,1139,1140","1139,1140","39,40,113,141,283,323,324,325,393,496,523,784,960,961,962,1139,1140","6,141,163,283,821"
792,ブロッキング,0,,,,,,,,,,,
810,ふしょくガス,0,,,,,,,,,,,
811,コーチング,0,"179,253,255,339,340,495,496,501,502,523,608,729,781,817,832,833,865,918,974,1001,1002,1017,1029,1038,1039,1102,1131","253,339,340,495,496,501,502,523,781,832,833,865,974,1029,1038,1039,1102,1131","253,339,340,495,496,501,502,523,781,832,833,865,974,1029,1038,1039,1102,1131","253,339,340,495,496,501,502,523,781,832,833,865,974,1029,1038,1039,1102,1131",,"133,134,278,297,298,556,557,624,625,708,709,710,722","75,253,495,496,523,590,591,592,688,689,883,884,1102","75,179,253,255,339,340,438,495,496,501,502,523,590,591,592,608,688,689,729,781,817,832,833,865,883,884,918,974,1001,1002,1017,1029,1038,1039,1102,1131",1102,"75,179,253,255,339,340,438,495,496,501,502,523,590,591,592,608,688,689,729,781,817,832,833,865,883,884,918,974,1001,1002,1017,1029,1038,1039,1102,1131","133,134,278,297,298,438,556,557,624,625,729,832,833,918"
816,ジャングルヒール,0,,,,,,,,,,,
829,パワーシフト,0,,,,,,,,,,,
837,しょうりのまい,0,608,,,,,,,608,,608,
842,たてこもる,0,"786,788",,,,,,,"786,788",,"786,788",
849,みかづきのいのり,0,544,,,,,,,544,,544,
850,ブレイブチャージ,0,,,,,,,,,,,
852,スレッドトラップ,0,1034,1034,1034,1034,,,,1034,,1034,
858,ハバネロエキス,0,1072,1072,1072,1072,,,,1072,,1072,
863,さいきのいのり,0,"1039,1074","1039,1074","1039,1074","1039,1074",,,,"1039,1074",,"1039,1074",1074
867,うつしえ,0,1065,1065,1065,1065,,,,1065,,1065,
868,みをけずる,0,1097,1097,1097,1097,,,,1097,,1097,
880,しっぽきり,0,"1088,1089","1088,1089","1088,1089","1088,1089",,295,1089,"1088,1089",,"1088,1089",295
881,さむいギャグ,0,"236,237",236,236,236,,,,"236,237",,"236,237",236
882,おかたづけ,0,1041,1041,1041,1041,,640,"197,1041","197,1041",,"197,1041",640
883,ゆきげしき,0,"97,98,99,100,113,114,141,176,177,184,219,220,232,236,237,238,254,266,283,321,322,368,369,377,404,405,413,470,471,477,488,507,508,509,519,526,558,559,560,561,610,611,637,639,662,681,682,683,711,733,734,735,770,771,800,801,802,833,921,977,979,1006,1015,1016,1095,1096,1097,1109,1115,1120,1121,1122,1127","97,99,113,114,141,184,219,220,236,238,254,266,283,321,322,368,369,377,404,405,413,470,471,477,488,507,508,509,519,526,610,662,681,682,683,770,771,800,801,833,977,979,1095,1096,1097,1109,1115,1120,1121,1122,1127","97,99,113,114,141,184,219,220,236,238,254,266,283,321,322,368,369,377,404,405,413,470,471,477,488,507,508,509,519,526,610,662,681,682,683,770,771,800,801,833,977,979,1095,1096,1097,1109,1115,1120,1121,1122","97,99,113,114,141,184,219,220,236,238,254,266,283,321,322,368,369,377,404,405,413,470,471,477,488,507,508,509,519,526,610,662,681,682,683,770,771,800,801,833,977,979,1095,1096,1097,1120,1121,1122",,"107,108,145,163,271,286,719,720,721,823","232,254,260,261,368,369,404,405,509,521,526,610,611,1015,1016","30,32,42,44,97,98,99,100,113,114,141,176,177,184,219,220,232,236,237,238,254,260,261,266,283,321,322,368,369,377,404,405,413,439,440,441,470,471,477,488,507,508,509,519,521,526,558,559,560,561,610,611,637,639,662,681,682,683,711,733,734,735,770,771,800,801,802,833,921,977,979,1006,1015,1016,1095,1096,1097,1109,1115,1120,1121,1122,1127","238,526,637,639,1015,1016","30,32,42,44,97,98,99,100,113,114,141,176,177,184,219,220,232,236,237,238,254,260,261,266,283,321,322,368,369,377,404,405,413,439,440,441,470,471,477,488,507,508,509,519,521,526,558,559,560,561,610,611,637,639,662,681,682,683,711,733,734,735,770,771,800,801,802,833,921,977,979,1006,1015,1016,1095,1096,1097,1109,1115,1120,1121,1122,1127","42,44,98,100,107,108,141,145,163,236,271,283,377,413,439,440,441,488,507,508,558,559,560,662,681,682,733,734,735,823,833,921"
908,かえんのまもり,0,,,,,,1150,,,,,1150
913,ドラゴンエール,0,"5,162,182,183,184,217,376,377,414,415,416,491,492,493,678,679,680,703,704,705,787,788,804,857,992,993,1005,1088,1099,1100,1101,1117,1122,1130,1138","162,182,183,184,217,376,377,414,415,416,491,492,493,678,679,680,703,704,705,787,804,857,992,993,1088,1099,1100,1101,1117,1122,1130","162,182,183,184,217,376,377,414,415,416,491,492,493,678,679,680,703,704,705,787,804,857,992,993,1088,1099,1100,1101,1117,1122,1130","162,182,183,184,217,376,377,414,415,416,491,492,493,678,679,680,703,704,705,787,804,857,992,993,1088,1099,1100,1101,1122,1130",,"128,129,163,295,373,423,424,454,455,715,716,719,720,721,990,1148,1149,1150,1151","162,393,491,492,493,787,804,857,882,883,884,1138","5,162,182,183,184,217,376,377,393,414,415,416,491,492,493,678,679,680,703,704,705,787,788,804,857,882,883,884,992,993,1005,1088,1099,1100,1101,1117,1122,1130,1138","992,993","5,162,182,183,184,217,376,377,393,414,415,416,491,492,493,678,679,680,703,704,705,787,788,804,857,882,883,884,992,993,1005,1088,1099,1100,1101,1117,1122,1130,1132,1134,1138","5,128,129,163,295,373,376,377,454,455,678,679,680,990,1148,1149,1150,1151"